454 11555 15555515 555 55555.

1555. ’

1511131111· ’5393 111515 1555555555 sparget K. 1151111111, om 15 351515 155515115515, som
have 15551 555315 som 81515113355511 11355151, 515115 5515 15555 155..- [1155551515.
(835551.) 1111 1 11111 115511. 1111, 2. s. 15
11. 1151. ’5394 Ν55151555555555, 85551151. 5555113555 81111, m. 11. 51515151115555351
om 55 af Provsterne i Fyn 3155155553553551 51 Μ.1111555151515555115151113, 1155511
553 Η51151, 5131155 1151155153 om 8535515355555 Lon i »11555 15515- 0115555,15151.
n. 5. 05111515. 5555151153. 4. 11. 111. 104-105.
1411511. ’5395 111515 3515511555 1115151551 11. 5511111111, 5155 51551151 51 1155315115 155
115555 8151 515 555115 155 1555515551155, 53 55115551, athan 55 55131113 1, 51115153·
515355 555 15551 151 515115 1111511. - 14. Maji. (Svensk.) 11111 11151.1155111111,5. 581.
15. 11511. ’5390 1151155153 51 151 1511151555 11555555 55105155151151511 11551551115151·
5153 1115151511, som 55 85555151 1 8115155111 5515535551 555 55 115551. -115515511, 1.
15. May. (Tydsk.) 81551555115555 1155551155 11. 33. - ·
1511511. ’5391 15515 11155555 55115155 11. 1151111111, 51555555 55511 Breve 151 111 15
551515, 51 155 5515151 Ρ551 1 55535 53 511155355 5105551511 155555 15535 51 15 555515
1155155. - 15. 111531. 18155511 551. 1115151151. vm, 1. s. 81.
5551811511. ’5393 15555 11155555 555155 11. 1111111111. 51115315155 over de »Juthescriffuere·,
5515 5551516155555, 53 55315551, 51 Μ5151155555, som skal 5555555155 15111515 Petason,
maa 151155 fra Graensen. — 0155 Datum. 1855551.) 111111115111555111111. 511.
11111531. ’5399 Panna 855111, 1111155, 55515111. Fr. 11. 55315 1115115355 855115555155551-
’ 5111355155 815513. - 1551155151, 155119515151. 551155155111115511.11.16-11. ’
5515101111. ’5400 Aean 5555515555 55151 11. 11511110. om 51 1555115 51115 11115351151 11515-
115355315511515513.-111551151515, 1835551.) 1111.111151.115511.11111,1511.
2511511. ’5401 1155135511515 1555, 51 8555555 5151155 111 515 Μ5155 1151515. 1155515551
1151515153 51 555155 555155 Hert. 155555 1535153 551 51 355 ind 555 555155 1331551555-
planet, 51 135515113515555551 ikke 51111 1555515155113 555 1535 11555351113115 81355551,

1555 111 81531555 0311515155 531555553351155155 835155355515551. - 1111151. 1131511
555151. 1 1115551,15115,115551155115 zu 85511555 8. 56.

51. 11511. 5402. 11. 111. 11. 5511151Η55511 Μο355555, ’151155 1 1151515355, 511515 15 81155,
155 5515 5555 53 ’1111515155 115 1155355, 355555531555515855151. - 11515511511113, d.
22. Maj. 11511151. 1 Tr. Lund, 1115151511 8111555 8. 30-31.

5515111113. ’5403 Acus 5555555555 81155155 111 11. 1151111111, 51511 555 1115155351, 51
11555513 8151 55511351 1551131 511555 15553551 [55155555155111155 53 55551 55115511311511;
555 1551151 1111135, 51 4 1155515 115551551551 555 155155111 55551511. - 0155051551.
1811511511.) 0111. 1 11151. 115511. 11111, 2. 8. 18-19.

1511511. ’54011 11. Fa. {le 15551511535511155155111 Μ. 1135111511, 85555151. 11115513, 155
Η5. 15155 Μ511555, som 555 15551115111551 555 11555553 53 551 15115 81515 1511535155
1515151511, 111 5151115 8535535551 1 151 151135 1515151515118535 1 8511153. - 111531551οῂ55
11011, 1551111 26. dag Augusti. 113115155151.85511.11,441-42.

1811111. ’5405 11. 5515 1111135 81555155 111 Pedher Christerson, hvori 551151. 5 51111351,
51 0111111515 med 15 1155315, 5515 11335 ved Graensen‚ maa 5535155 53 55115335 51155111
1131153. - 85511531, 28. qu. 1855551.) 51551115515151151115. 5. 55-51, 155.

21111511· ’5401 1111515 11111. 55151 Ache 5555515555 om 1115 51 5313115 5515115355 3155
1515553 8151, 1151 han 5515151 ham om, 5115 15551555151153515551 3155 1111551153 53 Bubus

1

 

