452 11555 15555551 555 55555.

55 555 155 1155533351 111 55555155 15555 55511115555555 5151115551, 111 5111151555
foedum 1155515355 kileds 8535153. - 1559515111 5155151, 20. Aprilis. 055531 5551155511.
1555. 1855 S. 264-66. 55555111551. 5555. 0151. 1885 8. 41.

20. Aprilis. 5310. 11. 55551111. 55151558555155 de Morney 51551515151553155 513 med det
1151351511, 555 555 555 513, 11155555; 515155 Daniel Renzou 155 55155155 5535155 8555-
1555, 5151 55515151 55155 513 555551, 55 815555 555 vil 51115 115555511555151151, hvis
55555 511155 5555551. -81551115151, 20. April. 1815551.) erudit. 1 11151. 15551 11115. 561155.

21. Aprilis. 5311. 8535511555 51 55555555 1 1111555555, 155151 515555555555 55515555
1. 1155551555 1515553535, 51 111515155355 155 85555555 1 551555 15 Gange 555 555511 555
5511135 5551555. - Hauecost 1555111555, 551 555155 5555535 555 051555. 1115113551.)
111 1151115151. 85511. 11. 124-25.

2¹- Aprilis. 5312. 5555 Beue tilskriver 11. 15111111. om 55151551 51 81555155 555 55555
og 55115555, 51555 ikke vil 55311555151515355, 155555555155153518151151; 1111135 555555
555155153551555 5155 551155115355, som heve deltegeki 8155555. - 21. Aprilis. 18155511
1151111151. 115551. 1111, 2. 8. 69-11.

21· Aprilis. 5313. kene 5555555555 1115151155 11. 15111111., 51 55 555515 1151351511 1115
viiie 1555 513 bruge, 15555 5515 1555155555 55151153. -115555151, 21. Aprilis. 18155511
551. 1 11151. 115551. 1111, 2. S. 11.

22 Aprilis. 5314. 11. 15. 11. 111515115515111155, 51 555 53155 51 5551115 hein som 1155-
5515555155 115555, 53 5515155 hem 1115515151 51553115 513 515155 med 115515 53 11555151.
- Kjob. Slot, d. 22. April. 15551 8155555551155555511. 13.

22. Aprilis. 5315. Dr. 1155555555115315555 5551 11111. 15. 11., 51551 555 1555555 555151-
5153 15555 4 55555555 155 55 1515155551555, 555 555 11551555 55351515 1115555555. -
551. p. 153. 1 merny. Report 115. 1. 8. 24.
23551011· 5316. 11551.1115555511111551515515555555555551 05551555515555515551- “

15155 sein 815155551551 55115 11155155, 5155555 11355551 1555555151 5151 have 51105555-
5515. - 55555559, 23. 5551115. 113551.) 1151551515551511156.

10151101- 5311. 1155115511555 5555 51 8555555 5151155111 11. 1511, 51555 555 1113555355
1 15355553 555 55155 Person, 555, 51155115511555 1115 5155555 Religion, 1515131 111115
passe 155 ham 11115555115551; 1555 111 5555155 videre 555 Sagen 53 give ham 55515555
Underretning. — 5119101119, 26. April. (Tydski 55111.555511(155551513115555151555155115515-
155151555555.1811 S 103.
1111211105- 5318. 55555 Bone 1115151155 11. 55111111. 551 55311555555555 155 55555; 55
555515 1 11155 viiie ikke 551515 8151, men 5515155 55155515 515115151311115151115555ς
hvis 555 1115 1555 0555515153 55555155155115155, srygter 555 155, 51 151151 15555 515
Vej. - 11555 Datum. 18155511 1151.111151.1155511111,2. 568. · “

5555815515. 5319. 555555 8555555555 55555155 11. 1511 xlv. 5155 555 55 1515355151 155
55555 efter den misiykkede Storm. -— Uden 551551. 1815551.) 1111.11551.115551.1111,5.
S. 68-69.
2111511115. 5380. To Skrivelser 155 Ρ5555 0555555555 1111115111111, 51551 555 555-
55155 11553551555515153 555 1555515555 ved (1555555, 5185555555 er 15555151 155 555-
mark, Michel Gyding herjer og plyndrer i Sunnerb0‚ Hekon 1151555555 med, den 555515
1155151555 1133551 Wae, 6001155111 1155315 1 11151535 555555, 600 11311555 1 1155, m. m.
- 28. Aprilis. 1515551.) 55. 111151. 51551515. 5. 59-55.

 

