1010 Fanum 331 011001. 653

.. ————-———.-—. ..ψ-*- —·-—-—-——---—--- -———

113111, 31 han 013311013Ιο 00 3000 011, han 1131 13301 31 1100300, 111 13131 1010100000 001- 1582.

3133, 031103330 3011 har Brug 10103111. — 13. Octbr. 0131. 1101111. v. 187.

7815. 11. 111. 11. 3100133οτ 310 00113010 00131103 111 000111 03101, 10113100. p. 16- octobr.
1101ᾶί031133, 0103131Ιο 033100, 3011111330 101 0133010100, 3111110 313103 1130 3000 11111100-
dom og Skyld. -- Nyqaard‚ d. 16. Octobris. 8301111103111131.03103031.111.101-102.

7816. 11. 111. 11.“3 0101 111 11001010οε10 0111310001 1311000011, 31 11. flans 17011111. ·

Michelsen‚ Hospraediker 33311000111311013, 3131 have 011 113 331113 000301 1 8111001101
1100100030. - Ι). 17. 0111. 00111111111011131. 83011. 11. 103.

7817. 0111111033 031331 1113111101 11. 3111301113 001 00313133 111 11113 1110110111 22. octobr.
England 03 03010311 1 1101000133 31 8111130303 033 11031300 03 1110000101, 31 000 131.
8130033101 1131 113131 11301 101 003 81101, 1130 3111001 1100300. - 0033010313, 00
22. 00010110. 1113331.) 01001. 101. 011110. 0131. 111000-203.

7818. 11. 111. 11. 1113111101 01113100011311000011, 31031130 1101 1101011οῑ, 31 000 21031111.
paa 1110011013 31 1101111301 101331333000 81300 1110 01 333 3101, som forst 3013301, 1033
flans Bygmester 1001010 133 0100 0111111113 011100 03 101311110103. - 1010133133,
24. Octobris. 0303110 83011. 1. 150.

7819. 1011330110301 101 30 311100300 11000101 1101010133100 010 0011010300 31 21011011-
03111013 8101 [133 1331300. - Berritsqaard, 0. 26. 001. 1101.10111.1103111.11.140-41.

7800. 11.111.11.1100011113113 113310 om at lade 313 033103 01000010 333 111 101· 28. octobr.
0103 1130 som 301110 033100, 11111101 ikke skal 1010010 ham 11181300100 001333130110
0103001100 med Kongen. - 28. 0111. 83011. 1 1111311 11131. 03 103031. 11. 16-17.

7821. 11. 111. 1111013101 Hans Μ1110, 03. 1 000030, 01 10000010 11310, 111301130 28. Octobr.

10001000010101100110003101111001301. — Wamtrup, d. 28. Oct. 1101110001010100300,
0101. 1. 000030 0111311131. 111, 1. S. 17-18.

7822. 0101 0010010103οη 31 1131111113 8101 0331331300, 0031301314110113- 29. Octobr.
011000 1131311. — D. 29. 001. 1101.10131.1101111.11.141-13.
7823. 11. 111. 11. 113301 111 01. 1111331101 0101, 31 01 8111) 113 11011111, 131031 1. 0111111

Gabriel, 01110101011001013111101033 00033011 Naerheden 311001. - 4. Novbr. 11300.)
1101 p. 003. 11130131, 800000 1133011 S. 27.

3696. 013031111111131031001, 010 0100010130 u. 0130000101301 0111311331. 3. 8011133013-1101· 01101111.
stein 81111111-11111111.

7824. 11. 11011. 10131011011301311110 31101130010 010 0110103130000 1110118103- 1. Novbr.

1103301110 03 Materne, 1101 310110 0111101110 813000 1011 1110011013 8101 03 00 10113033

1131010130 03 1110013 31110100 313 113 1111101001. - 0000111ομ133, 0100117. Nouembris.
0303113 831111. 1. 150-51.

7825. 10100111 Pom 1100 111310 01311110Ιο1 1330 013113, 310013111.11.11.1103 13111111.
(100131310011011113311110 1113001311 00 003100 01 1310131 111 1130300130, 03 1001333οτ

00310 31113011 den 10100010331101001013. - 0113311313, 0. 12. Nouembris. (11031.)
11113, 811311. 1. 013310130103311131. S. 317-00.
7826. Κ. 11111. 1113111101 1100013300 1 10311110 111, 31 110 1000 0130, 01101 10101111.
1100003 0010101133, 1110 3131 3313303 1111031101, men have 110010 03 0000111010 1 810001
101. - Κοίάίπθὴω, 13. November. Udt. 1 113110330103300, 110330 11011011 S. 185.
7827. 11. 111. 11. 1011011110013300 1 0311110111. 131000 110101011031, 11001131 10113111.

3111101 ham, 03 300001 honde en 111130133310. - 18. Νο1. 00111111-11330103310,110313
1101100 8. 186.

 

