778 110110 consano 0011 01101110.

.-— -..-,- ----....--

100010001101 1 0100 03 0010100110000011, 111011 11100 011010001οη 0100101000101010011110,
esserdi Marinae 11. ikke et· blevet viat til Hflcltell. - 10111111. 1101.030111001.111101 1100011.

“ 0. a. 111. 101-103.

05. 10011.

’9351 11. 1111011111. taliter K. 0111. tv. 101 hans 3000001 8100 01100 1000103οε
1001110οΙ00 111 01 010110101100300011100103, 0001 10001101011011130 010000, 0011110001
hans Hostius 101001000000 0001101001 03 10111010 011110 0100, 01 han 10110001 100001, 1111
11111] 1110011130. - 1101110011, 19. June. (Latin.) 110101103111100101,Τ1111οΙ1000118.38

*9352 11. Gna. tv. 1000111000 00011011,00111000100. 0. 8111011013 8101, om at
betate 01000100001110100 010101 20000 0111103100 01101001110111030103, 0010 8101011110100

000 81000001013 8101 1101 31011 1000 0010. - 1100001000, 1110001 25. iunii. 1110111
8001110301 111. 060-61.

’9353 0101101 0111011001 00110001 01 have 00131 111 0101100000 110000 00301,
000 000010 011101 031011000 80000110. - 001100, 0. 29. tuni. 01111101101,01011.111.630.

*9351 K. Cnn. tv. 11010101 00 00110100 1 11111110. 01000010030 03 000110000 00

’ 803 01011001 Μ. 10001001000, 80001101, 1 0013000 81111, 03 Jonas stagni, 1011100 811010-

14. 10111.

31. tulit.

3. 1011310·
30011.

5. 1030011.

mestar i Bergan, hvilken 010010 skal 11010 3110100 01001001 01 Testimonium, 0001 hin
100001 0100 1101103100 0001 01 8100001101 1000 (1010013100οη 1 001300. -- 00111110, 110111.
111 111101101. 80011. 111. 031-32. Ι

’9355 11. 1011011111. 01 81011000 110301 1111101011. over, 01 00 810110 100
Navn 11011 1001100, 001101 101001 111 00001011 01000 0011010 10101101 03 001 111 01101101
8111101 0001011, 01 1110101 10030101 0310010100 01018100000101010103, 1010181111111011000000
001 100 1011000111, 01100110111001 01110100 00 00001 8001000, 101100100010001100100. -
St. Andrew's, 1191111111. (Latin.) 1101 0. 0113. 1 1100101, 111110 0000118. 38.

*st-356. 0010100103 01 0110011101 Ganos t. Tommorop‚ Boiaiingsmd. 0. island,
1110110000 001 1111101 01 1011101000 1000 0011100101, 0011000 0010001 00110000301011130 (1000
10110100. - 301000ΐό0011, 14. 111Ιί. (1010110011 8100100000 03 8130100000, 10100101. 101 island
1. 135-36.

9357. li. 111100 Vi. 0181011000 0111110001 000 01 11011111. 001 011101οΙ0 11001.
John 00100110 000 11001 01110130 00110100 000 0010111111. ’92011 - 00110000, 301011.
(Latin.) 001. 0. 1103. 1 1100101, ’111110 000011 8. 38.

9358. 0101001101, 00001 01 11011. 1000011111 1111110111 01 80011000 000 0300 03
11011. 1010000013 01010000010130 vogno 0010 000 0100000011. Christian 0180010000
0010000101110010,10100100 00000010111111. Chr. iV.'s Kroning. - Watmar, 03010111.
(Τ1001.) 11111101, 0010001100 8001000010οῑ vit. 235—64. 010001. 1 0110011010, 00001. 1010 polit 11101
1619-601, 14. 11101.

19359. 11. 1111000130 1010101103011101 111 11. Chr. 111. 101 hans Tjenar 101000
001101, 01000103000 0000010030, 001 00010101 11000 01001101100 11003000 1101. -
00111000,31.11111. 11011111 11010110311100101111110000011038.

*9360 110001 0011011101 00 1000111000] camerarium 00101010, 10 qua 011 eo 00111, 111
0101 0011 aliquid 00 coronatione 000100 01 qui 01000010000101001010111010101.- 11111100-
10110111110113. 0003010100101010 0000100100οω 1011. S. 326-29. 11110 03 Fransk: 1011100 00

1000000 0110003010. 1695. ΙΙ. 490-91.
19361. 11. 0011. 111. 1110111101100111001001 Mariba 111, 01 han 1101 01001111. 80-

01110 011000010100 110 1100000 0010131100 som oboedisse, 00 hun 1101 1010111111 1110011010

 

