11666 6616666166 rarum. 271

1551.
’3166 De 111 1161666666 111666116161616166666 1161666166 1111666 61116161 ,16666 24 septbr.
11661666 16161166 666 66166, 661111661611161116116666 11661 1166611616, 161 6661616
61116161 11666666 11616 1611666666 1 1166611616 ,166661 11661666 61 paese, 61 66116
1111611 6661616161 6661666166 66161. —- 1166666161, 666 xxiiii. 166 1666616 Septembris.
. 1116111611.) 8616666111616616161. 1166611616) 11. 150.

3161. 11. 666. 111. 1616161166616681616, 1611616.186666111616, 61 1616116116 26. 866611.
166661 11661166 1 1166611616 6166 16666 111 61 1161616 1166161(16163666661611611616 61611161
11616666 1166 har 616111 161 1166666. - 1666661666, 666 211. Septembris (Tydei.)
16116116111616616161. 1166611616. 11. 151.

3168. Ρ6666 11661 1. 1666666166 66616661 (1161661661 666 10616666666161 111 66661666,
66611661 t. 11166661.- Voqrrrerrrp, 6. Μ166616 6111666. Vere! srmonsen, audetne 11. 121-28.
¹ 3169. 11. 666. 111. 11616161 1661161 11661166 61 16661666 11611. 61 86611666, 661 26861111-
, 1166666161 11611116661111 rii komme 1111166611616 6. 11. ei. 18. Oetbr.; 1166 6611 siai
16 666 8161161 6611666161666616111111666111616. - 0666666666, 666 29. Septembris.
11166161 8616666111616616161. 1166611616. 11. 153-114.

3110. 11. 666. iii. 11616161 1661161 11661666 1 8161116166166 Heinrich Ranizews 611, septbr.
1161616166 61 16661666 6 81611161 Skyts 611116616166111Μ611616 1 1166611616, 611616166
116 1116116616 66 166666 1116611616 66 66161161 1161616 6666 1166666 11616116616111166161
661166 11661 Korn, 66611161 16161161111661 i Sornrner. -116666616666666 29. Septem-
iris. 11666161 86166116111616616161. 1166611616.11.751-53. post

’3111 11666166 116 111666611166, Η66661616166166116 116611166611161861666 1 30. 666161,
1166611616, 6161 1116661666161161 16161666 11611. 1166666 116 28. 16111661 111 36. 8661111.
1351.-11’1161]1)61661. (Platiydsk.) 8616611601616616161.1166611616.111036-41.

‘3172 11. 666. ili. 11616161 131111 1166, 6161166666. p. 1111161666, 66 Μ. 11666 1. Octobr.
166666, 86661161, 1 111116 81111, 61 661666 616 661 1116666661, som Anne Ν16ΙΙ6661161 1
,1166611666 661 161611666111. 116666166666161116166661, 66611166 ska! 11616 »prefert«
hende. —- Kiopenkrrffrrrr 11611, 11161111 1. 1161011116. Ny 1111611161. Sarni. iii. 316.

’3113 11. 666. ΙΙΙ. 11616161 11666611 1166611616 6616 6161616, 111611 1161616161161 4, ‹rr-1011.
de tre, som ere 6611616616116166 116666116661166616116666166, 66 6116116 6111161161666
66 616116 1616111166 616 1 16 Aer 61 viiie 66166 616 661161161166616166116111616166-
6661616166. - 6666116666, 666 4. 1161611116. 11666161 8616611661116116161. 1161111616. 11. 761-66,

’3171 11. 1166. ΙΙΙ. 11616161, 6611666116661661661161116 11616666116116111616 0111 9. 66011,
11666161 red iiirkernes 1661616161 1 1166611616 Arni, 166661 11661166, 11161616. 1 1166611616,

66166 seir 61161 166161611116166116166166 1666 11616166 61 61611616 6666611166 11-

16666166 61 11116166661161161 161 1161161. - 6666666666, 666 iii. Octobris. 11666161
81166116, 6161666161. 1166611616. 11. 755. Densi Orers. 1 1111166161. 866113. R. Vi. 661-62.

‘3171 11. 666. 111.161666613616616666166116666166181666666111616111666- 13, Octobr
11616 161 1161611666 61 1666 1161616 116616 61 1666 666 51166661666618116161161111166166
6111661666166 61 666 66166616 Sum 6611116116 11666. - 6666616666, 666111111161611116,
1166611.) 8616611661616166161. 1166611616. 11. 756-57.

*3116 11611. 1166661 61866116661116111161616611666616611161161666161116166661 111011011.
1666111666 66 66666161, 61 11. 61 1166166111 661 1116116161 1166666166, 111661. 66 66616
116616 1116616661 666. 1611166611666166 0111 66 1166161616166661. - 6611116661, 15. 61111,
(irrisi.) 1116661111. 11116111,2611166611.6. 66616611. 116166166166 1565-119 S. 111-12.

 

