Κο110 1111101011 001 110111. 379

1563.
*4501 Κ. Fu ΙΙ. 0111101 11100100101Κο11101, 0100000111010000103011011. 28. martii.
1103000 111 01 300 100 000 00101110300 01 8111101 Κο11000 101 80000013, 111 000 101-

1100101000 003000 1100 80000013. -— 1000000100, 28. 1110110. 1110011 1111. 1001011011,
1011. 1111. 00000100100001100 S. 100.

*4502 11011. 100001 0180000110 111100001 Κ. Fr. 11. 101113 0100 810113, 110· 31. 1111111·

10000110100001000 00100 03 3110100110010301 010 011 1010010 111 11001113. - Torqua,
31. 1111111. 11100111 1110001111. 03 001. 1 110011 1. 0. 010000000011. 388-02.

*4500 0101 (1011111011 01 80000110013 0000110110111100111100101 010100100 01. 0. 8. 11111110.

00 001 0100010 0000001010οε 1010301103 1 00010011. - mmmm, 8. 1100111. 1110011
11011100 00 10 0111000 fromage-Nasam 1. 100-102.

’4501 Κ. 1111190 811110100 111 Κο11. August 01 8000000, 01011 han 100000101 1111111110.
0101, 01 000 1101 00010011 013 111 Κ113 0100 810113 03 000001000111011111οΡ0100 03 1110001.
- copeuhaqen, 14. April. 1110011 01001. 11101111. 1. 1100, 0001. 11. 001-94.

ί4505. Κ. Fu. 11. 0010101 Μ. 111010 10000100000, 80001101. 11100 81111, 0100130 1011111111.
101, 01 111. Μο110 1 1101000 01101 0031101 013 111 1100000 0001 Ρ1010111001, 03 01 111. 1013000

180001030 10301 1010 1001101000 8030, 1000000 1101110110 0100110. - 1000010100, 10000
XV. 1103 Aprilis. 81011. t. 1100011101031011031. 1. ’10-76.

’4500 Κ. Fa. 11. 010300110019 000100 1 11001030 By 1110110 111000, [1010000010. 1011011111.
11101001311110- 111011, 11. 10110111. 1101. 03 1110011. 1 110001 8101000110, 1111003001οε 111011 96-97,

’4501 Κ. 1101111111. 100000101100 Κο11000, Βο1011030100. 0.Κο11001, 0100 0100010 16. 1111111,

80000000 010 010100 10010010101Κο1110., 03 0010101 ham 0111010 00101131 000 000 000010
111000, 00000 80010010 111 00010011, 10100000 001001010300 01 8101101 03 810000, 03 1003οΙ0

0110 010010, 0001 0110100100 101 1110 01 0010 00301 1011131 AErinde i sverig. — 16. April.
1810001.) 001. 1 8111100001, 0010101110110 0011 0111000101. vll. 7-8.

’45011 Κ. 8011111111. 0010101 1001110100 0101 Νο11000100100, 11000 0010000, 01 13111111,
31100 00 000010 80000000, 0001 01011300 300 1110001, 11130 01101 11001000, 001100100

00000001318010100 1000 00 111003010000000 10001010 80000000. - 16. April. 18100011
00111000101001, 81011300 1010100000 1. 1111000 1558-63 S. 113.

’45011 11.11.11.’01111100100 101 0110 01000 111 010000100 0010000, 00101100 11111311,

med 1003000 800111110 001 1001001 111 sig 011100111οΚ10010100000. - 11100, 0. 11111111.
1011110001 81100000001100300100 11101. 1. 98.

*4510 Κ. 111. 11.’0 [10101103 01 00100 vogno 03 81100 0110100000 1 1101000100 1 11113111,
1110001011 111 0010101103 01 00 100301130 00010000 03 Breve 110 03 111 1110011000. -

ξῐθΡΜΜθη, [bend xvss. dag Aprilis, 11101010.0030111100111180101. 1159. 1111011, 000 000010
011110001111101. l. 100.

’4511 0100000101100 0001, 0101100 111. 00110100 1 [1111010101 0111111000 1111 101 11, Apum,
001 01001011, 0101101 111. 0130001110 100 ham 1111010- 11010110, 0111111111. 11011
0101101103. Vl. 196.

*4512 Κ. Fa. 11. 0010101 1101101 03 01010000101 1000011010110101 1100001001110113 19. Aprilis.
110000 01 0101110130 l). 111100 1101011011, 001 1010113 011101 0011101οῑ 01110100100010300, 03
561111 101, 01 00 1010 03 00111011Μο010υο 011101 00001100 001101011010110000 8100. -
Ες’911010 d· 19. 11111110. 11110011.) 11010001, 1011100. 11011. 11101.,11101. ogBrevos‚193-94,

48“

 

