1666 (1116161116 6116 11166111. 29

· 1538.
ί321. 11.·0116. III. 1616161 1101611 1166666116661116 116116 at 1616 16 116116 3111111·

11111661 616161016666 63 16116 616 61113616616163 1616. - 6611616, 1166111166 163
visitat. 116166, Fam. 16666116611611161. 11, 1. 0161661. S. 183.

’ *321 II. 01111. 111. 6161166161116111611636 11111163161, 163 1661 161 161161611 2111111·
seuere 61 16666 16166116 1616, 1116 161 6166116 116166 11111161 1 1661, 6616 616 ham
61161 1113616 66116 061616661161 1661611136. - 161111616611616, 161 1166 063 visitat.
1666166666, 061636. 161161. 1611161163 S. 57-58.

*328 1666666166661166611 1116111161 II. 016111. om 66316 161161616 11661616 2111111·
16666661661116136; 1666 166366 61161 11663666 63 01666163666 16166163 166 16161 616
06161616116166 161 16613166 06666, 61 166 1166 11661616 116111 116 1110661613. -τ Copon-
qun, visitat. Mariae. (Tydsk.) 8616666161, 0616111611116661111616 616. 1. 21-23. 1611. Studien
1111111111. 172—73.

*329. II. 01111. 111.’6 16161163 111 116 1161616661, 66 Β361. 63 66 1111111. 116 5· ³⁰¹⁰·
116661613 661 61 16616 1 161666161 1. 26. JuIi 1111 61 116116611616166161. - 11611. n.
11611111. Mariae. (Tydsk.) Udt. 18611611601616616161.116661613. 11. 186.

*330 II. 01611. 111. 6111611161 816166 011661613 111 61 161161166611163 63 1616 9. 16111.
under Vaahen 666 01661 61 1116666 61 1111661616 63 Gr. 61 0116616136 1661616361. —-
Gottmp, 1116661.11.11611.Μ61“116. 1Τ30811.) 316161.111611661611666611616116111661666842.

*331. II. 0116. 111.’6Β66161116316116166 861161611616 661611611166166606116111 616111.

8161- 66116111 6611166, 616 116661. 166 661166 16316. visitat. Μ6116. 113161.) 111 1111611111.
86161. 11. 111-12.

*332 1616666666, 11116161 61 Η1. 11661 10616611, 8166116661616, 61 Μ661113 13. 111111.
06611 63 0616 61111 161 16161 Η1. 1111666666 63 1666111163616 6116616116 63 61 1616

1611661616 11661616. - 63111611 1663, 1633611. n. 6. 6. 116111 16663636 163. 0161616661.
“Wes- 11133114. agr. 16111666 3666666666 1116111161 II. 011. 111. ang. 66316 8111113161616161 1366316111,

16666616 6316161161666 6166 061 6666661616 81116. — Copenkaqen, dominica p. Mar-
garet. (Tydsk.) 8616666161,0616111611116661111616616.123-26. 161181611661111111111.173-15.

*334 Gr. 1116116611) 611666166611116616161611636611116166111 II. Chr. 11116111666 21. sum,
Schwab. — Leon, den XXI. Iulii. (Tydsk.) 1616161616.116061616166161.11. 116.

*331 016111666611161666, 1111161, 111611116111686136111661661136,Η1. 1616 6616111.
11111661 661 616111163616166 116 0611661, 1611611666 1111166161, Brylluppet 1661631616,
11161 16 161 ville 1116116 11666166, 61. m. — Kyobennlmffne, 66666 163 6. 116136 1163161666
dag. 116166, Fam. Rosenkrantz's 11161. 11, 1. 0161616. 8. 184.

*333 11. 01111. 11166661161666661611616611611616 1161616116661, 8611111161. 24. 111111.
1 816666, 63 1666136 11161661, 863666166161 63 8636616366 1 816666. - Goctorpp 61611,
6. 166611 ap. 60166. Ny 1111611111. 66161. 11. 763-761.

*331 16666 81116116 63116161. 066166611661636161616311116616118116661613 61116111. Α

663. 16116611. 666 Μ61611 11666661, 1161111. 6. 61616166, 6111. 61066166116 1166111161- ⁸¹¹⁸·

schrihung· 61116166 61613661. - Uden 061661. (13161.) 6166161666,1616611661111.
8116661613 11. 110-15.

338. ’1166 11116666 1. 11661161), 1111161 6306661. 111366 Μ6161, 611166161, 61 6616111,
11666 11661166 016161 111. 01611 116666116611 1. Vallo 161 111116166111161 1616 1611116166
Part 1 166161 1 1161616616 63 8661611363 Η611616166611111611163, 016666 63 8166661611. -
[6366116133 ipso die Jaeohi ap. 1161661661. 1666611661ι“11111111,1. 0161616. S. 184—85.

 

