194 Korra (1111111111 511 Turum.

1551. 15111153111111.111351 11511111 (1511 1115135. - 111551511αῇ1 sloh, mand. 1. 5. 1. Υ111111

confessoris dag. 5111111151111113. 1111. 119-80.

19. Octobr. 2281. 11. 811. 111. 11511151 Ρ5151 8511115111, 851351 11151151, Jesper Friis‚
Lensrnd. p. 1335111151, 11111 11515 1151111111 53 8513515 1115515 10115151111. 881111-
153 53 damme i 85355 11511511 (11511 1111111511 t. Estrup 53 Η1. 111135 81115 1181111311.
- 1151151511 11511, mand. 1. 5. 1. Galli 55115115111 11311. 5111511151. 1151113. 111. 1115-81.

15. Octobr, 2282. Hert. 151111 11111511 11 Μ551151115131 111115115111151 Assending 111 11.
1851111 111 1181111113, 11115115 15511111 Μ511115, ang 0115851151 1115111151 med 11. as
Danrnark og 8511115115 11111551, 81515511, 1151111513 53 1115511513. - austrea, 1. 26. Octobris.
{Tydskr 811511, 1111151155-8551511, 1. 851511. 1, (1515111. r. 1111111115 11. 249-51.

1150511111. 2283. Hert. 11 Μ51111511151 511151115111115115151511151Μ111115 til 11111115 151,
1111. 11 1115511111 53 11511. 11 81511558513 1111151511.1181151113115111151 1115111511.

11151111 5315151151311115 8311151. -‘- Pam, 5155 111 531113. (1111111 11111111111151-
8151511. r. (151511. 1. (1515111. v. 1111111111 V. 242-41.

28. Octobr. 2284. 11.8111.111.’18151 111 1115 1151111135 1 8111115111 81111, 11 151 51 11515151
Dr. 15151, 85551151. 1 8111111511 stin, at 11135 51511153 15111511115, 1115115151 151 11511

111 5151 155 1111151135 Tro. - 1135513, s. Simonis et 1515 ap. 1113. 1511111153 og 1135111511,
111551. ’1111111111 111, 2. S. 186. 1111. 153. 8115115351 811111, [1155111511 8151115351 1551-55 889, 1551. 1.

35. octobr. 2285. 11. 11111.111. bernger, at jordegne 855151 311 1511151 (11111135) maa
85115115 15151 1511 53 81551515, 5155 5115111113511111111511151 51151815115111155 151351

til Reb. — 11μὸ5131151, fred. 5. 5. sanctor. 81515111 511515 apostolor. 113. 8111111153.
1. 115111. 88188622ἒέ 11111111 811111 1111111151 115 11151, 111. 11113 811115 t. 8151115115, orn 51

85131115 111111. 11111155 (8515511151), 111111511311515115 1518151151115355 1111. - Paris,
alle Belligenn dagh. 1151151151. Rosonkranu’s 11111. ΙΙ, 1311151551. 8. 253 -51,

5. 1151111. 996. En 3111111151 11511 11 8151511 Syna 8115511111 11151, 1115151 5111511 11111151 855151.

1. 151111. 2281· 11. cun. 111.’1 811115115115 11815111 17. v. 24. 1511 1551 1111. 22501. -

01151115, fred. n. 5. 81158513551113. 1111. 1 15151 815155155, 8111111015515815111111. 11, 28. 71-75
53 1 Schrader, 1151151. 551 81111513 S. 399—400.

5115111. 2288. Ν11111815511115118155111513 151351 10 Μ11. 1311111 111113 115515 1 1155
8155151115 111 1111111151 Marcus Mandixen som Namen 11511511 Τ51111155111151 151
200 Mk. lybsk. —· 8155155151, 151 111351. 15 155 1511155 11355 11151 Gades 11111355.

(Plattydsk.) 85115115, 8111511111. 1155111513. 11. 521-25. 1111. 1 1151151, 1115111. 5. 11111, 1511851151.
11115111111151151151 S. 12-11115 5151 Datum: 111 113511151111111351.)

1. 115111. 2289. 11. Cur. 1111111111115111115151, Superint. 1815111511 81111, 11 1111111155
11151 Frue 111115 1 11111115. 1518815515 skal 1151151 1511135 11 85515155 11 151 151 Η1.

1551 Μ111551 nord ledighlevne Vikarie. — 015115, 15115511. 5. 5. 1115 11513511 dag.

8511511113 53 8135111511, 111551. 1111111. 111, 2. S. 173. 818151 11 111551111511 53 Datum 111 83111. 53
111111 11111115. 1111111. 8. 173-74.

11. 115111. 2290. 11115111 8111111111135151, 11111151, 1111111 8111111 1. 8111155, 81511-
15111151 1 Fyn, 53 6 11115 Μ111 31115 5851 15535113 85111113 Markeskjel 11511511

81551155 53 8111355, 53 51511511 Wormarck 53 111355. - 111515. 5. 1.Μ111151 ap. 11151 dag.
815111. 111111. 515. 513. 11 11551111. 851111. 11. 187-68

11111111. 2291. 11111 111111 1111111151 Chr. v. d. 81111151 orn Forhandlingerne i 1111111551
153. (155 115355 8151315151851115115, 151 53111 5115111151 1111. 1181511111 8551511511.
-1111511511, 11511. den 13. Novembri& (Tydsk.) 815111.111118158515115115535111111281.

 

