’ 110100 6001001111 000 ’100010 131

5³.. - ¹ ψώ-

. 1546.

’1631 1010000 00001000010000010 1010001110 interrogat, quid novi 00100010030, 29. neem.
praesertim de puellis. —- Stadoe, 29. 110010. 1100000010.111000100011104.

*1636 11. 000. 111. 0001001100 S. Auens (13001001 111. 1110011100 111 110030 100110 3000001,
100500 Dl. — Coliny, torsd. p. swelle 003 1541. 11011110001011001.10111316.

Η ’1031 11. 0110111. 0001001100 1100001003 100 111 0100001100 1001000111. - 00. 00000.
101100, 10000. p. 001101101. Christi. 1101111000101103411. 111. 316-11.

11638. 11. Can. 111.’0 810100100111110. Pommeranus, 1000110010110300 000 000 30· 0011-
101300 1 80010001000010013000100011110100 01 810100 111111001003 03 10000 000 01010101131
01 0000000 010 1001000100 000 01000000110100 0110000ος 100 1011001οο 00 000010 110300
03 01010100 000 1100100130 8030000, som 10010000 8011110100 1 8100110 1001000 1000 000 8030100·οῐ
1 6 Uger. — Coldinqenn, 11111111 30. Decembris, 11008111 1000100010.00001010000001.1248-10.
001. 1 11011. Studien 1111111111.388-89.

2639. 11. Gna. 1110 1000101000 111 Philip 0101000111011 1 1010001113 01 110130100- 30· 0011-
haldene 1100011000. — 11010100, 000 30. 1100011110. 001.1100000010.00600010000000.1.150.

2640. 11. 000.111.’0 ’1000101000 111 110. Jonas, der 10010000101 11030103100010- 30. neem.
00000 1 1000110110 10000 00001101 110310 100 110110. - 0010100000, 0000 30. Decembris.
(Tydsk.) 1000100010. 100 001010000001. 1. 250-51. -·

*1641 1001000100 1111110011, 131. 80100100, 10000 110010000010000 om 01 011110 31. 01111-
ham 230 110100, 000 010110 000000 111 110. 10010000, Dr. Philippus, 110. Jonas, 110. 11100110
1011000 1010 03 111 8100000000; 0000000 0101 3000011000 10 001000 100 010 0100113100,
0310001100 10010031 11003011 110300. - 1010100000, 000 1010100 Decembris 1000 1541.
1101181.) Ny 1101011101. 80101111. 11.

*1642 K. 1100010 vlu. 0111031000 1110000100 K. Chr. 111, athan 000 0010000103 31· ”⁰⁰2¹-
01 1101030. 1100000101 000000 11101000 11001010 som sin Gesandt 111 11οο0101011οω 11011300
03 110103οθ0011. - 0000000101, 31. 1100. 1101. p. 1103. 1 1100000, 1100001 S. 21.

089 00 ’1571

’1643 1101110111. 0001001100110000101111. 111 10011 1011 1004000111, mod 01
100 3000 11000010 00001 01100 1000 11013000 10010010301000. 11011 000010110311111111.

2644. 11000000 1000000000011000 1 1010001113 01 1110300 100 S. Laurentii Ka-
011010 ’1100000 1 11001000 100000 1 810100100 03 Saehy over 000 0111100113013103 0100-
steri, som 1000000 01 Ρο000100 100000 110010, 1011100 11010 0100100100 00 01000 11010100
11. 0000 110, 01 110011010000000 010110 0110001 Pund Skyld 10100 00000 Ηο00101 00 Νο10
61001001 1000 10 110010 03 10010 03 011000 0100 11131 03 1010100 0000 0000010010000
1000131130 000] 00000 11000000 03 81111010 1100000. 1100000,11101010.001100010110100100100000.
03110030 1. 314-75. 1101. 1 10100-1001000 8101110011. 520, 110110.

*1645.' K. 0100. 111. 01100100 Ηο. Ν101οΡ0000000, 80300000011Νο1003, 1100001ιο
11000 0000100 11000, 11101 110000 101001, 111 10000103 100 en Have, 000 100 000 1000 ’
1110010300ῐο. 11011000, 1000011000011. 536. 80101. 1. 110000 11101 03100. 111. 181-88.

’1646 6110000 11000000000000 11010, 1000000 11001000 11110 1110000000 Μο010300 111.
1101. 1 1100010 1103. 111. 146.
*1641 80000010 1100000000100011000, 011 8001001100οη 1101100011000110100-

10000 (1]0000011 1111010110 11110 11011000 03 100000 0101000 1111000 03 ingen 000000, 03
dem gaves 00001 (1100031010. 1101 1 Banake. Mag. 111. 116. ‘ ¹

11οῃ0111011. 11. Ser. 11. 18

 

