1558.
11. 10011.

13. 10111.

15. 10011.

17. 10111.

1001111011.

18. lunii.

284 11010 (1111011111οΝ Tamum.

*3321 11. Can. ΙΙΙ. 0101100101 03 01111101 1101011 Bys Ρ1111103101. - 1101011,
11. luni.) 0111. 1 11110, 11110111 11010110 11101. S. 6.

’3322 11. Can. ΙΙΙ. 10110101 011 103010001010010101111001001010] 03 1001110
0113111010110101, ”som 100 skal 10101110101113101001101, med Saehygaard 1001011001
101 10330 (10100 1110110. Ά- Nyborriq 01011, 11001 13. 10011. 111. ror nord. 0111. 1855
s. 81-81

*3320 1103001111001011011 11. 001. 111. 03 8011101111 (10111. 1000001013. -
130019, d. 15. 1111. 000101101. 000. 01111110-01.

’3321 1111111011 101010100101, 0111010111 11110011, 0110111101 de i 1101101101-
00111οᾱ0 81011101 111 01 0111110 013, 011 1100 ikke 101 0100110010 013 1100110110, 101010
01101810113000013110100 101 01 10100 10130 013 mod 1100101110110. - Im [0111090001
Kirchempehe, 111111. 11111111). (Tydsk.) ’ 80111101, Archiv 010. N. F. l. 180-87.

*3325. De 0111110000 8111011 01010 01000010010101, 01 11. 01 00011011 101

1010001100 0001813101011011011101Ρο10101101810113. - 11001 Datum. 11111011 Schmun.
Archiv 010. N. F. 1. 187-91.

’3320 ’10001 1101100111100 Vidne, 110101 01 10111111 110111 1. 1100100101, 11
Η1. 1010 01010001 01 8031011110οιιο 0110131 11111001 1 1100111110 mod 01 10111310 013111
01 1010 sine Sognefolk 10113 03 131113 03 mod 01 1111111110 dem 1101 111 01 10130 01

¹ anden 11001, 1110 100 0101110101 1010113101000. - 1100111 1000111. 0. f. s. 1101000 1131

20. lunii.

20. 10111.

23. 111111.

27. lunii.

27. 10111.

27. lunii.

28. 111011.

1011100111101. 111 11101101. saml. 11435-37.

’3321 11. (111. ΙΙΙ. 1110111101 ΡονΙ 11111011 011 1100 1110301111 0311011111101101

01 1110111101 skal 1111101100 0001111100. slot. — 000 201001. 1110101. 111110, 81111οι10101
Bygningshist. S. 200.

*3328 11. 011111. 1010101 101301 11011 101100 S. 010100312010111 11 made
100 1101101 110110 1 1100111110 med sine Adkomstbreve paa 103101101001110101101101
03103Ιο 1111111010011 81030100. - Nyborq, (101 201001. 1010011000,1010110110.

’3320 11011 1101110111, Ν. 11. 11000101, 101011 1110001 1. 110010 11. 11. 111· .

1301110 111101 03 1011 1101110011 1101 111 110 101110311101010111111000110100 0001030011

1110110131 1 110310 1100103100. - 0010 radstuffue, 0. Hans 011101. 0111011101. 11001.
111. - ·.
855 512330. 1110 81111101 1 110101013 11101001 01 0010 1100111 1101010001 34 111.

11101 0131113, 03 01110110 1111130 1013101110110110 1011011 til Fru 1100 v. 10100110 101
40111. 13101, 101 1111101 101 31101 10111011 1 0111100 0110110181010110011011. -
1101010101, am mand. 11.) 0. 10101010 bapt. (Plattydsk.) 80110111, 1111101101. 1101011011.
11. 824-26.

*3331 0110101. 1 1111110 0101001001 8111101001 11111. 01 1100110111 03 810113
om 8101110301 01 8011011001 00010110 03 den 100010101110000. - 10001101 11111030,
1101127.111111. (Tydsk.l 80111101, 1110111010 N. F. ΙΙ. 303-304.

’3332 100100 00100100 0310011 ammam, 1101010 (1000111101, bede 01000011.
1 11110111 om 8101013. 00 8111110100 111 11. 01 [10011011 03 810113 011 1110 01 11101000 111·

101001 111 1110000100). - Burbu, 00111111110011. (1)Ιο1130011 00111101, 10111010. 11. 1.
1. 199-201,

’3333 ,11. Can. 111. 1001011001, 01 1010101 1 111011001οἀ0 81010 1111130 01011010

0030 1 111011011018030. - 01110000, 1100 11111111. 10011. 1110110010. 0130111010 11.
8010111. 155-50.

 

