1511.
60. 16611.

2. 16111.

4. 16111.

’1. 1166.

5. 16111.

11. 16111.

546 116116 1166116611 6111 116661.

’6518 11611. 6311116 1 111666 11661666111163611666 663. 661 61616666116166,
Christian 116666 11616, 6616116661661661661, 61611 1166 311611161166166 61 616116166166

111 6611611136 1111636. - 1111636, 16116616. 6. 6. 161166 baptiste dag. Peterson, 1161366611
11161.. 11161. S. 10-12.

*6519. 61661116 06166 0616111611 111 116 86116, 161611 8616166, 666 4 666166 1
Ν6116 1111111111 1 iniand. - Aaltjer, d. 2. Juli. 816661.1111611166611.61111504.

’6520 1161661. 1161161661 1166616611. Hans 6. 61616 661 6116666 613 66 16116-
6661166 111 616611611666616616666 1616 11111163 166 666 636 [1161636163 1 8666615613.
-866116101113, 1111111. (Tydsk.) 1116661616. 116661616661611.111. 102.

*6521 1116661666611666116, 86661161. 11111613 81111, 66163361116136 66 16636·
1136 11611666163666611661661116666166 66 06616 1 111616163 111 6666136616 161 111. 11666
11636166611, 86366616611 11616163. - 11661116, 11166 4. 663111111. 1161616161. 6611111. 116.

’6522 1Μ1166 11666661 1161166 6111666611 1116111161111611, 611166 1616161113
111 1666 1161166116 863 11116, 166111 661 61 16616161 8161 116 0166616366 6111631666; 661-

16166 1611611361 1166 666 ny, 611616 016116666111611131161. -161111, 51616. (Latini
1161. 6. [ing. 63 616661 11166163, Third 1166611 S. 21. 111181616166616. 161. 861. 156941 S. 485.

6523. 1166116 1166616666 0661 1 66 863 61611661 116 8661116 61611 1. 111661166
63 61616166 811611 1. 1163611, 11161166 661 1661666166, 61 16366 166 6661166 161661 166

6161666 111 11616 111163. - 1110616, 16116616. 6. visitat. Μ6116. 11116166, 6111116361 11 1111161111
63116161161161161611611, 1. S. 15—16.

*6524 1616111661166, 11166636 1111116, 116661, 61 6611616161 63 1166611611
111116 1541 1616 66611666 161 61 31616 1163661611, 11161 06661616166 111661 11111 1116631 61
3116 111 1111111166. 061161611612 166161 2 111163 11616 61161 100 1116110666116; 66 1116611611
11616616116366 66 63 66666 6636661666 1161 611631 666, 116106116161161616166616636 111-

30116 1166 166611116361. - 1111316, 11166 1. Julii. 11616661, 11111166. 11611. 11161, 611161. 63 01616
S. 110-11.

*6525 1166666116 116 tt Μ6166 1666166, 1166611666666661111631666, 111666
1166616 861661666163, 1116111161616611166616366 6116316666 1 616116 61661116666 11116-

6163 61 11611. 61 116161666 111611. - 06 111. jour 66 juillet. (1166611 (1611616166616166
La 1161116 1666166 11. 166-68.

’6526 1611116 1611, 11661 1 86111166 63 Η611666616161 1111666613 6311666163
11666661, 66618116616111666, 61 8636616666666 1 11666616 63 1111166163 86366 6161161
8666116166666166Ρ6661Τ113616666 6631666 61 11116 16661636 1166166666616 6166166 86366-
61661, Η1. 11661166161166. - Βν661166111116116, 1166. 6. 1. Μ61316161113. 663. 6161113611
11161. 63 166631. 11. 228.

*6521 Κ. 1611. heder 01. Elisabeth om 61 666616166, 61 1166 1116 166 666·
66116 61666666161666 161 1166666 066616661161, 16666666666 1 1166666, 63 11611661 616
1161 111 6166616336 66666 113111, 11366661 hun har 1161 111 6111616 1136666611311161 1 611
6361 Ι.666; 166 116361 6161663166661666 016111666166 61 1611111661 1666 1161611 66616-

166666311613661166161. - Sora, 1611116. (16116.) 1161611113161116116616. 116. ser.
1666-11 6. 166. ,
*65211 116666661161816161166611666611, 163161616616,1636116 Imperatoris datum,
16 quo 16161 6116 66 1636 06616 666111666166 1611, 661 666 661616 dominium universi
166116 11611161 1161116616 61161111, 666 etiam navigationem Ν61116616 6666116 61116 citroque

permittat. -11416111 (Latin.) 1116661681661118111161616166,11161.11111116161111.393. 06161661-
1136 8666611666 816161 161611 6616166. S. 3113-01 63 61 1166116161 61 1616116166 61 21. 1611, S. 394.

 

