110110 1100001011 0011 0110111. 689

15 ,
18252. Κ. Fn. 0.’0 00110013001010103 010100000111111101, 3110000110103010- 13. 0111111·
100001011 11111110. 1 1101000103 11 Sagen 001 00 100 01101, som 1111111101 011113 var skyldig

111 0011010001οῑ. - 1100110011, 10000 ΧΙΙΙ. 013 Aprilis. 1100101, 111001. 1101111101, 11111. og
Breve s. 31485250. K. Fn. ll.‘s 0101101011οη 0110, 111011 han 10003011301010 0010101103 11 10111101-

2Μο110118231)111110011130110100110300. κ 15. April. 10011 00000100, eudemon. 268.

*8254 0. Fn. 0.’0 00001100300111110100 111 01. 00011101 1111031000 101 Max 00000 10111101·
i hans Sag mod Hen. 8110111011. - 11111111. (Latin.) Udt. 11. 1103. 1 1010111, Second 11011011 S. 29.

18255. 0011101011 0111111001 1. 000 1011103301 0011000103000 1100010010ιο 00001 10110011.
101 01111. 0011000000 1 81111101, 0001 111100 0101101001 00 01000018101100 1100010. -
111011, d. 16. April. 001. 101000131000, 0011 0110. 11011. 11. 161.

18256. 010110 10011011 10100011011001 paa 010080000100 1110031100 101 19. 1110111.

11101001110100011000101000030110008110100. -601100110100, 19. 11111. 1110011.) 111110.
Eng. 1 1110111, 0011011111. 1. S. 27. 11100101 1118. April. 1110111, 800000 0011011 S. 20.
3941 se ¹8117. 2111111100.

*em 01110100 011111111011111010. 0111001013, 11000 01001000030111011100 20111101-
her 3101111. 11 Navarra 0110101. 110031100003010000 om 11110111, 03 1101111301, 111110
1111 01000 11Ρο0301010301 ikke 1110 3110 1100300 01100003 000011010103 010 1100013100

1000 00 1100110 11101010 0001010301. - Capaneaque, 10 28. 11111. 10110011.) 111011. rer.
811100. 1001. 111. 827-80.

18258. 0111111110 0111111 1001111101001100100010300 1111101013, 11 Κ. 11 0101111111 10110111.
har 00001011010110 1. 0. 0110110 111 11. 11 81100100 med Tilbud 010 11003000 01030031
hans 8111010000031100, 03 11011101 013 00110010 00100100110110 10111010. -0011001101110,
10 28. (11111111. 1111111811.) 01001. 101. 81000. 0111. 111. 331-35.

*8258 Κ. Fn. 11. 11011101Ρ101000010100 100 001100010310110 11110001 1 00110101- 3011001.
10101 1101011000 000 31000 0100110 015010101010110100 100100103 0100 00 110 0000110 Ρ110-
001101011 1011110. 03 1100101010 000 0100 000 0051110110 Text, 10000 000 111101 0111103300.
- 00000011, 111000 30. Aprilis. Ν1111101101.51011.1.105.

18260. 11111001, 010131100011000011 0110100 111 8111101111 11 0011110, 11101101. 1111111.
01011100, 11 1000 ikke vil 110000 1110010 0110101111 1 1110001 010 81100100, hvis 1010 ikke
selv handler paa 110110 1000, 03 1100030100 0101001101 03 810113 1 000 010010 'rid

11110 1101, 110100 1110 1010100 000001 1111 010 Fjendes Laud. — 0000 011010. 0100100011
00100101, 0000001010111100 110 101110 v. 01000001001001. 118-27.

18261. {ven 0111100 1. 11100011 11111101 Fru 111110 011011, 10101 hun 111 tale 11100 011111,

Sans, 0101100300 813 1 11100 1111011 111 1100000 0111010011οτ 01131110 8100. - 01010011, 5011.
1000, 0100111110 03 001300 0101. Ι, 9. 8. 138-39.

18262. ’1010010110 010110100110000101100111110031010 impressorium‚ 111100110- 9· 010.
1110001, itemque libros astronomieos mittit. — Pregae, 19. 0111110111 001001, 101 9. juxta
110100 Cal. 1010110110ηο 0101101 0111010110 8. 91-96.

18263. 0. 111. 11. 1001111101003000 0010, 0000100. p. 0011100, 0010100103οη 11 11. 1110·
0011101001 1000010 M. 010111111 0110, 000 311010, 030. 00001 010000, 0011 010 8010110100-Ἰ
0001. - 01000111000118101, 0. 11. 0101. 1011101001810110.1111330.

*8201 K. Fe. ΙΙ. 00111301, 010010103010 00130101011100110300, 0110 03 bruge 1111111·
003100000111101000001110 100111 8110100, 0010 1 3100001110, 101 0100 0101 10110001

11013010 11100001, 011000 0110113301111000. —- Frederilcsborq, 111000 xl. Maji. 11101000.
111000010011011, 111, Tin. S. 71-72. '

1103011. 000. 11. Ser. 11. . 87

 

