0010 1111010111 101 111010.

1568. 1568.

1. 1111111· *5818 01011. 11111111 11010111 1110111 11 sende 10 110110011111111 11100311-
00110, 11101 1103101101 01Το311 ind i 811113 110111 1110111. -011111111111010, 1111000 101111
dag Ianuarii. 11110001, 11111. 1111011112. 0. 1311-12.

1· Januar. *5814 1101101.1)0110111111 10111110 111 Hert. 0101 0. 111011 10101111131010111, ¹

011 100 1110111 011011011001 1111110101 10 100 (11011001 11101110001010111) 1 111111

111111101101011101111111110811011.-1101010010, 0111011110. 111011.) 1111111101.
0161111101111011. 111. 46. (1110 010113 1010111 1100111111 111 0100010310.)

2 Januar. *58711 11. 111. 11. 1111111100011011110101 t. 1101110111 11 111111010101011011111
01111 01011111 1000 1111, 100 11101 1110011 0011111 11101101 111 000310 11111013. -
Frederr'chsboriq, 111100 11. 1100111. 001000.110111001111130-11,

81111111· *5810 Κ. 111. 11. 1111111111 Ρ1011 011 00110111011031 1003310011, 10111110-
1011001 1111310, 03 010 00011001300010 1111 00111111 011 1111100111 00011101031103100
i 811113. - 0101111111013, 1111000 11. 11001111. 1111100111,1111111100112.111312-11

2. sanum. *5811 11111 11111110 03 11111111 1111111111 1001111111 111 11111 1111011111) 0301.
00001011111 (0111111) 001 01 1011011111010311, 01 11110101 paa for 11 101111 0110111010

101 010 0101110111. - mumdum, 10110 10011 013 11011110. 1811011.) 1100110001
10101111. 2. 0. 1. 202-203. -
3. Jannar. *5818 0. 111. ΙΙ. 0111010111 01111 000 03 Jacob 0111101 111 01 001101111011011110

11 010 11111 111010 01 01111 1001010311. - 0100111100, d. 11110011. 011. 111111
81000110, 11001101 11. 11.

3- sunuar. *5810 0. 00111 xlv. 11111111 (01011 1. 11111110 11 1113111 113 111011011, 11101111 1

000310 01110111111118101101010100111100011, 011110 00 1111 1310111 1113111 113 000

1110010. - 8101111110, (3.110011). (811011.) 111100001111010011,1110.1111111111.1.11.1.100-100. ’
3111111111· *5880 01111 11111000 00011111111 (1111 Per 1111101) 03 111. 1103001111 0111000 ’

1111101) 0111 101-11010101 110 010 010111 01110011 03 11 11 ham 110101001111311 om, 111.

1110111010111011100311.- 1113111111 i 11100110 1010, 11110 3. 1100110. (811011.) Romam.
0111. 1111011111. 2. R. 1. 206-208

11111111· *5881. 0. 0111111111. 11111111 00131001101010010 8011101 1011011000 11111 11111-
3111 113 111 0110111 111 011113011100, 0101000310 00 1111 111 1101110101 01001101. -
8111011100, 111100 4. 1100110. (811011.) Ilerdam, 1101. 11111111. 2. R. 1. 213.

4111111111· *5882 111011 Τ11111110 03 Ρ101111 01011110 11010110 [111101111110 111. 0030011111
0111110101101) 010 1010010101 1 010 010111 Lejr 03 0011101110110111111011111 111 11111-

1131103 011111111111101013100. - 11011110, 10100 1110111111. (810011.) 1101101151
1111011112. 11. Ι. 210-11.

4- sanuar. *5888 1111111111 1111101100 00011111111 (1111 Pedes .(Braho) 03 01. 110001011111
011100 (101111) 010 01 0101111 0011010311 10111011031011110 1 811113 0001110103. -
11111100 11111111 001111,0.4.1100011 (811011.) 01101111,11111.111101111.1.111111-11,

5111111111· 5884. 0. 111. 11. 0001111011 11011 00010100 013οΙ1100 111 101011 1 01111. -
5. 1011011. 8101111,1110011.00181113110 81011118. 13.

5. 11111111· ’ *58811 001101. 1101101001 0111100131101011. 11. 110 0111131111110110010311
010 801110, 0101101110 nylig 111101 111111 00111, 03 110 0111101103 0111010100111011111
111 011 111103, som Dr. Corneli 111101 100111 hos 01001 111 1013. -— 0011110310, 11010
1101113111 0111 110013 abend. 11111111.) 1111111110.111000110111011.,111.61.

 

