608 11011 11111111 111 11111.

23713111 ’1261 11. 111. 11. 11111311 11011. 10111111, 11 3 11 (1111 11111111 1 1111111111 03

1011111113, som 110111 bruges 1110111111111111131111131111, 1111101111 1011131113111111. ·

-- Antvorskov Kloaeer, (1. 28. Febr. 11111 1111111 8111111111, 11111. 1. 0111111 11111 11111 11, 2. S. 181.

28. Febr· 7265. 11. 1111. 11111311 11111 1111111, 113. 1 011111, 111 1111111 11 11103111
1111111, 10111 hans 1111 1 111111 1111111111 111111 1101111311 12111111 1111111. 1111111,
1111111 1101111111 1111111111111113, 1131111311 111111 111111 01101111131111 111 detes
Ophold i Staden. -— Amorslcov 11101111, d. 28. Febr. Udt. 1111111 8111101111, 11111. 11111111
eyes 11111. 11, 2. S. 184-85.

1. 1111111. *12611 11. 10111 11 8111131 1111111 1011111 1111111 11 11111111 811111013 slot, 11
1101311 11331111011111111111111111 Danmark. — 1. Mars. (Svensk.) 11111111111111111.
11111. 11111111111111. 14, 1111. l,¹ 8111131. 11 1131111111 1111111113 111 111111111111111111110138. 1111111.

11111111. 3290, 1111. 1131111, 1111111. 1111 11111113 11111 S. 101-108.

11111111. ’1261 11. 11. 11, 10111111 11311. 1311111 1111111131111111111. 11 33111111-
grob i de 11 Η1111111 311111 1111113111 1113.111111111111111; 1111 11 81111110111111111
optages 11 1131111, skal han om 1101311111 0111131111 111 1111101. -11111110111101111111111
6. Marti. 1111111111,111111111.11011. 11111.,11111. 13 111111 S. 289-90.

1111111111. ’12611 Ν11111111111111, 81111111. 11111, 1111111 Μ1111, 1101111 11113 1111111. ¹

11111 11111111, 8131101111 11111111, 13 11111111 11111111, 81111111111111111111., 111111
[1111111111111 011111111331111 11 (1111111111 og oreysletthe 111311111111111 111 [1111111011 101
Η1111111 111111 81111. - Assem, mand. 1. 111111. 1111111113.4.11.11.111-17,

13. 1111111. 1269. 111111118111111111111111111 111111, 11111111 11110 011 1. Nielstrups
11111311 1111113111 11 11113131118111111111111111111111111 11111111311111110111111, som
111311 Μ11111 110111. - 111111 13. 11111111. 111111,111111111111111.1111126-11.

111-1111111. wo. 11111111111111111 11011, 11111111 111 11111111111311 1411131 1111113111
111131 nom 111311111181111111311111131111 11111111 1113111111. - 1111111111, somer
11111 15. 113 Μ11111. 11111. 1111111111. og Tap. 1. 28

111-1111111 ’1211 1110111111111111111111, 1101111 Sagen 011111111111111Ρ11111311111 111-
11111 111 11013111 1111111111113. - 15. Μ1111. 111111111111113111.1.11-48.

111 1111111 *1212 1111. ΙΙ. 1111111111 Mag. Petrus 81111111 1111111111, der har studeret i
wittenberg, til 1111111111 111111. - 11. 1111111. 1111111111, 1111.11111111111111111.111-11.

111-111111. 1213. 11. 11. 11. 1111111113111110111111811111110311111, 11 111 111111· 11331
118111181011110111111111111111 111111111111111111 811111, 10111 11111111 den 11111
1111 han kjobe, 1111111111 er 1111111131111 1113111311 111 1110111013; 1111111111 11111111

11111 1111111111 101 3111111 111 8101111. -- Frederiltsborq, 1111111 19. Μ11111. 11111111
22. 1111111 εωῃῃμῐῶῗέ.. 111111.111111111110111111131111111111111111181111111111[11160111

Buur Sogn. - 11111. f. Palmesondag. 1111. 1 811111. 1. 111111 11111. 1310113111211.

111111- 1115. 1111, 1111111111 11111 11111, 1111111 111111, 1 1111111111
11111 11 1111111 1111111111 101 de 11111111, 1111 han lade ’1111111111 11 de 1111113111111
1111111 11131 Η111113 Hans's Fuldmoegtige 13 1111111 1111113111 13 1111111111 1 Bibe at

11111131 detes 1111111111 1 01111111111 11 Η1111311118111111. -11111111111111, d. 211. 11111111,
111 1111111111. Sami. 111133. 1111111311111, 111111. o. ’1111113 Len S 111111. S. 111.

27. 1111111- ·1216. 11. 1111.1111111111111111111, som har 111311 1111111, 11 11111111 111111
81111, 1011101111 1111111111 med 1111113 1111111, 111 1111111013, 111 11011110 111 111111 111
111 Bygningen pass Slottet. -- stalericksborq, 27. Martii. 11111111811111113111.143.

 

