1537.

22. 16611.

5. 16111.

13. 16111.)

10 11666 (1116161111 661 166616.

8166636611, 6616 16 11616 661161161 16161.- 1161661661, 1161. f. 6. Η666 163 611166166161.
111616616161. 1161163. 11.830,111.816-17. 1111. Ι 11166166, 11631. 116661. 63 1161366 1166111. 11. 333.

*101 1166611 Ν16166611, 1166611 11166161, 1161166161, 61 161 6111611111111661116666
631166116 61111616 S. Annn 1111611Η6111616Ι1616111116, 111616161 1166 6116116661, 111116161
111. Τ111111116166116661666 11661166, Frn 866111166616111616 116366. - Humor, 1161.
1. 6. 11666 1661661661 16311. 1116161661. 1161163. 111. 830-111.

*105. 11. 13116111. 1611161 11616 81116, 3161616161. 66611613661166, 161 31161161-
ningen nm 81661113611611116 1611636166 63 Νο1116616666 11616116616166 63116161 11616 61661
»16116361 3613666 81111 666 11666 116366 63 66136 161, 61611611111616631116611661116661161

11616166, 661111 616 1616666116111616 613 661666113 1166 nam. - [1666616666 slot, s. Hans
midsomers afflhen. 111616166161.1161163. 111831.

*lon Litterae 616166116166 1111661661 1., 16316 Francorum, domino (1661316 16611611
nd Chr. 111, 163616 1166161, 16161. - En antibnn Bellis 16 Silua Β16166, 116 Χ11111. 16611.
6116161616. 116 (1611666661611. 111. 33

*lon 06661666,,11166 1 816166361, 1111666161 11636 Bylle 111 116668611, 666161
66 8611116116 6616 11616 1111166366, 63 heder ham 616116 61311663666866116166166611161.
- 1¹22· Stauanqra, in crast. lobannis bapt. 11616166-11111161, 61161. 1. (11616161166 11. 315-16.

*lon Pnnnn 11661, 11611661, 611166161 6111616 16661 811161616116 6111616111116,
1161616161. 666 8613661166. - 3616166166, 6661. 6. 6611666666163. venel snmonsen,
1161616611. 119-20.

*lon Cnnnnnn 8666111111, equitis aurati, 61 0166616,6161116616666616 Nydrnsinnsem
66161616, 16 qua inter 6116 16361, 61 61 66 66111161 1116 colloquia, 6616 6616 11616116
166116, 6661616116 66161116 66161161, 1161166111- 116 oppido 1661116, 11111111. Jnnii. 1116161661.
1161163111120-11.

*110. 1166611116 1161166161666116111, 61 1661166111 1 Ν6161161, 6616 161666 1616666
1 11116166 666 Η1.1166611616616666116366 11161616 61111. ΒοοΜ61666 66111 Η1. 116666
1116616111, 1161 111116 1166 1611166111611 S. Ρ61616111116 1 Ν661161 63 111. 1166 Μ61166
1161161116 166 6161116111. - 11611616, 6. 16116 6. Ioannis 11661. 111 1111611161. 61611.1.1111-13.

*111. 1166 1616. 116636 1666116666 8111116166 111 stan. 1116116 1 Ν61611., 111611 1166
11111361 1166166 1116616 111 6111616 6161161 811161661166111. 61116616611. - 11166 Datum.
(Fransk.) Brndntykk. 661611111. 666 ’11161 1366116111, 1166611. 1. 1163161663 1161116661 d. 8161661111. 567.
1111. 111. 80.

*112 11. 11116. 111 666161 111. Μ6116, 816111. 1 Ν61611., 616 116111161166 61 166
3661136 811161661 16611661116661611 63 Ν61611661666; 1166· 61616161 616611616616113116161 161
611616 16 1661133113616616 111616 63 161166361, 61 AErkehispen 61 1166116661 1111161166 111
nt 1111636161616 16 11136111111616616 81661616, 66161166 1161163611661 613, 6116116361-
61616 6616116366166 6161 dem. - Coppenkaqen, 616 6661636 n. Petri 61 Pauli. (Tydsk.)
1116166616. 1161163. 111. 771-72. 1111 1116161166-11111161, (1161666 1611611. 474-75.

*113. Litterae recommendationis 16666111, 16316 866161616, tabellario 666 16116661
11611666 61 Chr. 111, 163616116616, 1616. - En 16616 nostra 166616 crum, 5. 1161666616
Ju1ii. 6611161616. 116116116161661611. 11. 13-54.

*114. 11. 111166 V. 61 8116116616 1661161 161 1611616666 Β611666 111 Κ. 61116616611.

1166 6161 66161116 16666 111 61 616116 16111661 6161 11. 6111661113.“- 11166 Datum.
(Fransk.) 6616161616.11611666116661611.111.114-53. 1111. 6. 1163. 1 1166161, Second 1166611 S. 59.

 

