11111 1111111111 111 11111. 473

-.—-——-—

, Ἰ5612. 1111111111 1181111111131111111111111.81111111111111111111111111111 18. 1111111.
111111, 1111 111 en flandelsrejso til flastingsond 111113111111111111 81111111, og 111111
111, som 111 ‘l'ilbagerejsen 11 1111111111 11 11 011111. - 11111“11., 18. March. (Latin.)
11111. 1111 1 merny, ’111111 repon S. 15.
5633. 11111111111111111, 111111111111, 1111111111 Daniel 11111111 111 11111111. 11. 1111111.
-111111111111, 19. 111111. 1111111.) 111. p. 1111111111, 111. 111111. 1. 1. 1. 111.

2434. 1111 1 111111111111, 0111. 111111. S. 215. 20. 1111111.

’5034 111. 11111111111111, 8111111111. 1 8111111111 81111, 111111111111111 1111111111 911. 111111.

111. Jacob 1111111111 11111111. - Home, 20. Μ11111. 1111111, 1111111111. 1111111111.. welche
1111111111 1111111111 1111111111 8. 41-42. ·

’51135 1111111. 1111111111 Lange, 8111111111111 011111, 1 111 111111111111, 21. 1111111. ,

1111111111 skal 1111 1111111111 111 1118111, som han ved 111111111111111111111111111111

³ 11111111 01111111, 11111 Anderson, og 1111111 1111114 siges 111111 111. - 111111νὶ11119,

d. 21. 011111. 1111111111 8111111111, 0111. 1. 011111111111111 11, 2. S. 139-40.

*5636. K. 11. ΙΙ. 1111111 Jacob 1111111111, Byrgd. 1011111, 11111181111111111 21. 1111111.
111111 1111111111 8111111111111 11111 Lange og 111 1111 1111111111 8111111131, 11111 11111
1111111111 11111111 Sagen 1111 1111111. - mammam, d. 21. 111111. 1111111111111111111,

ἵ 11111. 1, 011111 11111 11111 11, 2. S. 139-40.

ἒ ’5631 11. 111. ΙΙ. 11111111, at 111 1 111111 8111 1111111111 og Falster skal ud· 21111111.
’ 11111 11111 Μ11111 111 11 11111111 1111111111 og 111111111111111 Orlogsskibene. - 1111111111-

ἷ 1119, 1. 22. Mam. 1111 1611111111111111. 1111 1. 1111118111111. 11.

, 5638. 11111111. 1111111111 111111 11. Fr. 11. 111 11 111111111 1900111111 111111- 13. 1111111.
. 1111111131 111111111 hun 1131311111111111 med flensyn til 01111111111 1111111111

1 1111111 og 8111111111, 11111111 011111 1111111 ikke var 511111 1111111111, 1111. -
, 1111111111, 11. 10111131 Ρ11111111111111. 11111111.) 1111111111.111611111111111.111.22-23.

, ’56311 11. Fu. 11. 1111111111111111111111 1111111011, 11 1711111111 111 111111 21111111.
1 1111131111111311111111, 1111111111 11111 111 11111111 1, 11 Daniel 11111111 3111 11 Tog ind

³ iSverig, 11111111111131111, athan ikke 11111 111311 11111111 igjen. -111111111111111,
¹ 25. Μ11118. 1111111 1111111111111, 11011111. 2. 11. 1. 581.

’5640 11. 111. 11. 11111111 11111 011 at 1111111111 0111111 11111111 med 2000 01111. 21111111.

1 — (Frederiksborql, 28. Marts. 1111. 1 11111111, 11111 1111111111, 2. 11. 1, 588.

. ’5641 1111111. 11111111 1111111111111 1 11111111. 11 11111131 Arregningen 1111 28- nanu.
Rrigsfolket. - Frederichsborq‚ 111111 28. dag Martii. 1111111111111.1111111112111188-89.

5042. Κ. 111. 11. 1111111111 Daniel Rantzow‚ 11 han 1111 11111 111 have 1131111 28· 1111111.
1111 Udhetalingen 11811111 1118111111111, men 11111111 ham 1111111111111111 i 11111111.
-111111111111111, 1111111111111. 111111.) 1111111,11111.111111111.1.11.1.189-9ο.

’5641 11. 111. 11. 11111111 11111111 11111111 11 111111 11 1111111111111131111111111 29111111.
1011111111 111 111. - 1111111111111111, d. 29. Martii. 11111111.) 111111111111111111111. 211. 1590.

’5644 8111111111111 111111111111111111 Skole‚ 11111111 110111 1111111111, 111111 30111111·

111111, 1111111 [11111111111111101. Nuus [1111111111. - 130. Μ1111.) 11111. 1 1111111,
11111-1111. 811111, 1111111. 1111111. 13111111 111. 38 -41,

’6545 111. 01111111111 v. 11111111 1111111111111 111 1111111111 1 811118 og 11111111
0111111111 om 111111,1 1111 1111111111. -- 111111 Datum. (Tydsk.) 11111111, 11111. 11111111.
1. 11, 1. 111-11,

111111111111111. 60

 

