522 113113 13333331 3311 Aruer.

111-1131111· *stes 1133311133133 313003131 Dr. Elisabeth bi. 3., 31 Hert. 1110310 3111313133
1330 6000 11111313 33 40 13331 13013111 siges 31 11113 31313 1301310 1 11331113. - Amtoee,
28. August. 1133313111 1111131113313313. 131.831.1369-118.111-18.

301131111- *6231 Beer. 3311113 1 11111313 3130031311311.1133333’ 03303131131,113338313
123331 338111311338311133131, 31 03, 1301113331313333 331 31 1131111333 31 1113133 111-
3131133 31 8133313133, 113113313301 sig 111 033 033313 113303 33 03 331313 1101133313 331 ,

Undsaeining. - 30. August. (Tydei.) 1101183111331333, (111313313113131311.81113311110313.0.11311. ³
1133311033 16. Jahrb. S. 98.

1811111· ’6238 11. 1311. 111113131 111131 11110 1. 1313113311 131 311331 1133331311 311301331
33 003111 31 1111131133 133 113 Philippi 33 iacobi 11331568 111 semme bag 1569. -
0333330313, 1111111110 l. Sepibr. 1303181333333,1130313311.11-78.

3· septbr ’6230 1131301. 1133313111 11303111. 11. 11. 3111, 3111331113 Grubbe, der 13131111 ,
130333303 1330311111313333, 13331313 11113333 13131 311113 033 1103113133 1133111113331 .
mod Sverig; 1111133 3111131 bun 331 11013131311313133 3181111311133031111133 11113331 1 (11131113

33 ¹0111 11303131313333 1113311113. - 1130331001, 0. 3. Septemb. (Tydei.) 1111331311. 111
Gebeimeereb. 111. 72-73.

⁷- septbr. ‘6‘24b 11. 13. 11.’3 1131031131 131111. 1133310 (1133313333 1113113113 8333331331
1311113133 33 Weiibye Segne i Eibo 1131130, 03 833333133133 der, 111. 130311333113333,

31 313131 1130133 131 31 11333331 1133001311. -— 11133331311333, 1113330 1111. Septembris. ,
111 1111101131. Semi. V. 444-45.

118111111 ‘sbti 111, 131111311333111313133 1111111331 3130 11110313 1113 1111 3331113110.
- 1. 8331. Uet. 1 11111, 331. om stentoreos. 13-11.

8· septbr. 0242. 11. 1311. 11313131 13303133 1111313133, 1133313, 11331113 33 Stabye 83333,
at 03, 03 11333330 13133333 110 31033 13133 3131 11313 111333031, 33 vendet, som 031131
11113133 1331101311, 3131111031 03 331113333οο 1131131, 313113 13133 11003 33 33113313 00-

131131.- 1131313, 111330 8. 013 Septembris. 1133111311, 11131. 1111311. 331 8111133133 1 11313-1111111
S· 11-1018. 8 31333 111313131 13131111. Septi.

8. septbr. ’62411 13333 Η311133311. 11333313113113110331, 311111313131 (1313 1. 0330313131
31 33331 1 113133313111313 111113111313131113 113333113311, 111011311 1111113313 11131131, t.

Ι 1113133103,131120013331113131131313. - 1031311333, 8. September. 133111.111131.11111311
11, 11. 115111.

111811111- ’6241 111311. 1131310133311331033131111331131 111 31 1113113 1200 1103113 11333-
31111131.- Fie'edrt'cbsburp, 10. 8331111. 11103111 ilerdam. 11131. 1111031111. 2. 11. 1. ete-ts.

14· septbr. ’6245 11311301.1133311133131131 11. 11. 11. 131 3311313 31 Peitsvaeri3 1111133 13131
bun, 31113311133133131, 3111113033 1113301333-11330313 1331313303 81131131 111113 11313113.
-631111119311,111481131311111113. (Tydei.) 1313131313.1303131333131111173.

13833111. 2584. 111111130131.83311.111.234-36.

90- 3111111- 2585. 1133 0333113 Text 1 1111111311131. Semi 111. 236-41.

24- Septbr. *6246 11. Fr. 11. 3311313131 111. 113333 13333333, 03133 1101131 13031 313 bruge
3331 0303 0103 113331 333 11333333 (111333311113, 111 11133 11131331 111 31 1313313331

130131 8333311310. - Helsinpberp 11311, 1113330 xxiiii. 033 Septembris. 813113331111311
11131. 33133331. 1. 111.

26. 811111- ·6241. 11.13.11. 1113111131 13031 (ire, 31 13333 Wintr ikke 133 33013133 ire
113133, 113031 om, 31113113313133111113 11133301 111 33 11313 331 130 1111111313, eg 11013111

11331131 331 33 1131113 81311133 1118131131. - 1131313313νί3, 2683313311). 33111131, 11111. 11113
311. 2. 11. 1. ets-80.

 

