11111 0111111111 111111 111111. 301

1558.
’3528 1111111113 11 (01111111 1111 13 1111111111 1111111111 om Begivenhederne 1111151101-
111111, 11111 11 111111311111111311 psa 8111111 1 Κ. 11 1111111111 Ν111 13 111111 11 1111111
11113111 111 111 011111111111111. - 11111 Datum. 113111.) 11111111111111111. 111.
11. 193-218.

1655. Journal 1. 11111111, 111111- 13 111111111-1111111111 1813111. 184-88. 13, neem,

*3523 Hert. 1111111 11 8111113 og Holsten 111111 Dr. Elisabeth 111131111111 11111111.
111111111113111 11111 1111811111111 13 11111111, 11 111 111111111111111111131111,
11111111111111111111.-61111131,161111111111559. (Latin.) 11111. ρ.1131111111111
1111111. 111. 811. 1558-59 S. 33

*3530 Η111. 111111 11 8111113 113 11111111 1111111111 11111111 (11111, 11 1111 11, flecht.
81111111, Adam 1111113111, 11111111111111, 110111111311 111111 1111 1111111111 1111111,

1111111 111111111111111111111131111. - Gottorp, 16111. 111. 1559. 1111111.) 011. p.
1131111181111111111. 111, Ser. 1558-53 S. 33. ,

*3531 1111111111 ’111111111111 1111111111 11111111 cecil Nyheder fra 11111111 13 17, 111111,
111111111 13 111111111, 11 11111. 11111 111 1111111 111 11131111, 111 11111 0111111311
1111111111. -61111131, 16. 11111111. 1559. 11111111 1111111113181111111111. 111. Ser. 1558
-59 8. 33-31.

‘3532 1111111111. 11113311 813111111111 1111111113 111131, 11111-1311113· 21 oecbr
1111111 11 11111- 111111111-1 8131 1 111111 1111111. - 1111113111, 21. 01111. 0111111111,

1111111111 1111113 8. 87.

13533. K. 11 0111111111 111 1111111111 1111113111 8111111111 111 Ν1. *34511 1111 1111111.
11111111 om Lejde 13 om 111111113 81111111111111111111, 11111111 1111 111111131 11111
111111-11131,1111111111.0111111111. 1Τ1111.) 8111111111111111. 11 11118181.

*3534 1111111 111111111111, 1111111111. p. 31311111, 13 0111 Μ111111111 1. 1111111.
11111111 111111131 11111 »Modern Fru 1111111 (1111 1. 1111111111, 111. Μ1111111 011111

111111, 8111111111 1111131111 13 Gods 1111111111111111. — 1113111111, 11111113. 11111111,
1111111 1111111 8113111111 S. 152-53.
’3535 1111111113 11 111 11111. 0111111111111 111 1111111111 (af 111311, 111111111111111.

111 11111111, 1111 111111 (1111111111111 1111111111 1111 111 11111111. - [1111011111.
11111111.) 81111111, Archiv 111. 11. F. 111. 64-66.
1660. 1111111111.1111113111111111113111812,1111.1. 111111 01111. 1111111. 8. 41-41. 11111111,
’3536 K. 13111111. 1111111111 victorin 8111311 1 1111 111 11 11111131 1111111111 11. 011111.
som Professor i Theologi 111 1111111. [1111111111. - 111111. 11 111 heiligen Weyhen·

1111111111 11110110. 59. 11111111,11111111.11111.11111.,11111.13811118.88-100. 111111111111111.
111611111111111. 196. ·

*3531 [11111111111111111118111111111111111111111111.110111111113011111- 31111111.
11111111 1 1111111. - 111131, 30. 0111111 (11111.) 8111111111,1111111111. 11. F. lx. 110-31.
1111. S. 286. ⁴

’3538 1011 1111. 01111111111111 1111111113 111 AErkebispen (11111311, 11111 111 111111.
11111111 11 11113111. 1101111111111111 111 11 11111 (111111111111 111111111 113 1111-

111111 11111 1111111111 1111111 01111113111. -111110111111, (Tydsk.) 1111111111111111.

Mhi-&1333 Erklaerins 11111 11111. 011111111115111 ffl AEfkebisp‘m (af Rig³)' hvori Μ’

111 1111111111111111311111, 1111111111 de 111111 1111111111 111111 11111 1111111811111111
11111111111. -111111111111, 111111.) 11111111111111111111. 1. 11101-306.

 

