456 11111 1111111111 11111111.

1115615111. 11420. Ρ11 (11111111111 1111111111 11. 11111 111, 112000111111 111131111111111

31111 1111111 1 11111111131111. -— 15. 1111111. 1811111.) 1111111111 1111111. 11111111.

1111161111. *5421 111111 (11111111111 1111111111 11. 111111111, 111111 11111111 11111131 ,

’ Ε1111111111311 111 111111, 13 11 111 1111311 1111 1111111111 11 1111111111.-- 0111
Datum. (Svensk.) Udt. i 11111. flandi. 1111, 2. 190.

111-1111. *5422 11. 1111111111. 1111111 Clas Christersson 11 1111131 111 1111111311111111,
som 111 11 11111111 01111111, 13 111111131111 111 1 1111111111 mollem Falsterbo Rev og
1111111111111111111111111111111111.-81111111111, 111111. 1811111.) 1111111. 111111.
111111. 1111, 2. S. 901111.

11- 11111 11423. 11. 111. ΙΙ. 111111111 Daniel 11111111, 1101111111 Munck 1111111131 11 1111

1131111 811113 13 111111 111111 1111111111 1111111 1 1111113111111. - 1111111911, 1.
11. 11111. 1111111 Romam, 111. 11111111. 111511-11.

17. sunu. ’5421 11. 111. 11. 111111311 1111111113 11 1111111111111111111111111111311111111111
Μ. 1111 111111 1 1111111113 11 11111113111111111. 1111111111, Sognepraest 1. 11111
8131, 111, 11 111111113311118131, 11118131, maa 11111 1111111111111111111 011
1111111 med 11111 8131, 1111 11331 111 111 11111111111111111111111111111111. -
Kjobenlmvn, 11. Juni. 1111111111. 81111. 11. 668.

11. 11111. 11425. Κ. 1111111111. 11111111111111111 111111111131811111111 1111111111, Ca-
rolus Danzeus, 111 11 11131 111 1 811113 13 1111111111 med 1111311 111 1111 11111111
[11111111 13 811113. - 8111111111, 11. lunii. (Svensk.) 1111111111. 1111111111111116-41.

1111181111. 11426. 11111 1111111111 311111311 1111 ny sin 11311111311111. 11111 1111. om 11
11111 11111 1111131 1111111113, 11 Ν1111 1111311111 1311111111111111 111 11111111 111
8111111. - Uden Datum. 18111111 11111. 111111. 1111111111. s. 91.
11111111. *5421 11. 11. 1131 11111 11111, athan 111 11111110111111111111111111111111111.
- 18. 1111. 111111.) 111. 1111111111. 1111111. 1. 1. 1. 111.
1111911111. 1428. Ν11111 1111111111 111111111 11. 11111111. at 1111 31111 11 1113111 111
1111113 8111. -— Uden Datum. 18111111 1111111111.1111111.1111,1. S. 92.
1111111. . 2406. 1111111113111111,81111.1 1.11111111111111111-11111.1. 111-11. ,
20. Junss· 1429. 11. 11111. 1111111111 011111 11111111 11111111111113181311111111111111111111

1111111313111131111111111. - 1111111311,1.20.11111. 1111111 11111111111111111111.
201111· 2. R· Ι. 5ἳξ1141211. 11. 111. 11. 11111 Daniel 11111111 11111 111111 Niels 81111111 111 1111 1111

1111111 111 1111111111111, 111 skal have 1111311111 11311 1111111. -— Koppmqen,
1. 20. Juni. 111111.) 111111,1111.1111111.1 1. 1. 111,

1111111. ’5431 11. 11. 11.’1 1111111011111111111111, 11111 11111111311, 1111111, 11111
1111111, 111 11111131 11131 111 1111111111 111 0111111111, 1311111 ham 1111131 11111111.
-1111111113111, 12111111. (Tydsk.) 11111111,11111.111111111.2. 111130-31.

111111· *5432 11. 111. 11111111 11101111111111111, 11111 111 111111111113111111111
gjentagne 011111111311 111 1111111 11131, men 111111 11,0001)11111111 11111111111111
11111 011111 111 11 111311 1111111 111111 1111111111. - 1111111113111, 1. 25. lunii.
(Tydsk.) 11111111, 11111. 11111111. 2. 11. l. 531-32.

251111· ’5431 11. 13111 xlv. 11111111 11111 [1111111111 11 11111111 111111111111 1111
1111113 8111 111 Carolus de Mornay 11111 en 11111, som 1111311 111111 111111111. -
8111111011, 21111111. (8111111.) 1111111111111111111111121811111,

 

