Κο111 11101111 111 1111111. 879

15 .
’8128 11. 11. 11. 1110111101 111. 1111511101, 11111111111111101111110111113101- 1 111115

1111 om [1110511113οη 110111100110.- 1100101101ρί, 1111111. (Latin.) 11130111 010111
111010101131 01 1111 500. 01 antiquar. 01 scotland 1886-87 S. 242. 1111. p, 11113. 1 111011] Second 11ορ011 S. 28.

8129. 11. 111. 11. 111311 111 111. 11Ιί51111 0111 11131111011115 1110111311151011111101 1. 11111.
15111111. - 4. May. (Latin.) 11111.11113.11111111,81101111110118.28.

*8130. 11. 1111. 11.’5 111110 8101, 111110, 501100111111110110151111513131111· 111111.
101, (1151101113 01111 111011 81115 111 1111011151013 01111 11 1110 1 11013111511100510
01111 11111110151111011131111111 011101151151, 511111 yde 113111, 03111011101111

5030 81015111100, men 511110 5031 1101101 111011111013111110. - Frederiksbom, d. 6. Μ11.
111101110111111011511113. 151311111111 1103111111. 11111111110131111 1868111. 14-15

8131. 11. 11. 11. 111511111111101155111111110111. om 11 0111130111. 11. (11111- 1011111.
1110111013 1 1110511111. - Ι). 10. Maj. 1111111111-111111111011,11151011111018.181.

’8133 11. 111. 11. 1111011011 10101 1011115011101511 11 6110110. - 10. May. 1011111.
(Latin.) Udt. p. 1113. 1 1110111, Second 1100011 818.

*8133. 0111115 11111111 111511111111. 11 11111113 0111 11.111)11111115 1013111115 1011111.
101513 0111110111111110150111 111 111051110 Hert. 1011111010111 1181011511, om 5111111105
101051111111 6101001031151 11 101111111031111111 81011111 01111111111501 11 0111100111,

030111511501311130101111111113.-0001010101, 00131011111111. 11111151.) 111011.101.
stand. 11111. 111, 286—90.

’8131 11111115 1111111 11101311011011111311 11 11101113 001 11 hjaelpe hami 1011111.
hans 510111101 03 1111111111, 11 1111501111 03 11111 1315101115101 5030 11 10111111 11. 11
1111111111 111111011111 Ν111111111111105 1111101111 11511150011.-0000011091ιο, 00 10. jour
de Mai. (Fransk.) 1111111. 111. ,1111111151111290-92.

· ’8131 (11111151111111115111101111111110101500110181.101131,501111111 1011111
0131101 513 101 01 8113111113 1111011131] 03 110110 1130115111 11101 111130 1111111511
1111111, 11011 81111101 03 1111101 11 1110111111 1 11111111. 1111110111 03 01 110111 11·
1111101 med de 5101510 11115101151111301 11 1101111 03 10 1101130. - 0001010910, 10
10. jour 10 111. (111151.) 11111115011110,11101-51.

’81311 0111110011 1101101111.11111111131111.111)11111111011111111130 11. 11111.
111 10151111 1111011011113, 1110111110 111510 11115111 1011151111111 3110111010. -6000010900,
10 11. (le Mai. (Fransk.) 1111111. 111. 811111.11151111.291.

’8131 101011 8111115511, 3031101151 1 011151, 11511101 1111111111 101 111. 1111111ἱ
1111511011 1111115111, som 111 1101111111 som 1110111111, 1111131111111111011110115111, 80301-

1115111110111103, 111111 ham 111 511 1110111111. - 01110011, 1111 1111131111. 010111 ’
11131. 11. 111. 135-96. ’

*8138 11. Fu. 11. 1115111101111. 1111511101, 11 1101301111 1 11005101310100111, at 10 11. 1111.
11301510 1110111111, 50111 11110 1011110 limburg, 1111 1101510111 513 1 10105 stad. -
(1101111.) 1111 p. Eng. 1 1111111, 811001111011818.

’ ’8133 11. 1111. 11151111011115111Μ110111111, 1111110301, som 111 101Μ1111- 1111111.
1111 1011110 105115 Meyer 111011011111513, 510110 51111115 8101011 1 11011103, 03118111-

1101101011 131115 11015 11111 5111 11111110 1011111130 51115115. - 110100111011, d. 18111.
1111111151. 81111311. 111. 168.

 

