7211 11444 1144444444 444 114444.

4444. ’

25. 11411.

26. 41441.

31. 14411.

31. 11411.

21. lonii.

’8644 iimo 84444444 4 Christiano Friso petit, 4144 444443444414 4141414414
1144443144 certior 441, quare 444414444 114141444, quo 1114 444111, 4411111. —— Die 114441, 4144
anno. Chytroi 1141414144 8. 708.

’8648 11444444 (1444444 44141414 41441441444414114 4 14414 4141414 41 oum 1144114
missa. - 1144144411, postridie Trinitatis. Chytroi 44444414 s. 132.

’8641 11114411. iorbyder Totorne 144 1444411444 41 4444144 413 1111341. -
1141144144, d. 31. Maji. Sami. 41131. 144444414344. 1144441490. 141. 4444-444.

18648. 4444444 44444444, Duco, og 114444 84444, capitaneo generale 4441144414,
44441414 8444314114444144 44414 41 1144444, Christiano 84444144 m. 4., 444 444 44144444
144 441 4411134 Laod, 111 813444141 1 11444413. - Croto, 4141114411. (1141144411 114443
114441. 444 1444144414441 8414414 11141. 111, 178-78.

’8648 oen 4444444444 4444444444 8444444444 43 1144444444 8414414143, 44441
44 11144444 6444141444 4141314441444 41 81444444441144444414344 4431141341 4144 814144
18144413 43143144-1441114444441414344.-114441141444, 1144411 1144. 4 naono, ven. 44.
114444444111. 4. 1114144 [1414444114144141. 111. 38-31.

¹8650. 84444444844444444111444444 44 11441441144411444 Η4. 81444 4144414444,
8434444441444114414, 43 843444444444 4444144. 4444444444 14441444144143144 43 4444
144411314144 111 41 44334 43 444113444144 414 114113. - 111444. 144441214411. Fabricius,
114414 8. 36-38.

*8651 1444 v. 4. 114444 43 4444444444 1144444, (1444441414444444 1144444144 1
81411444, 44444414 44444 44144144144 444 4444144441444444 4144444144 41 41 (1444444144 144
81411444 111 64444441 1 441444143 41 11. 141444 Priori 111 11. 41 1144444414 844144. -
4141444144, d. xi. lunii. 1641144441.) 1144411144. h. 4141 84444144444141114441414. 44414. 1814443.
S. 381-93.

*8652 11. Coo. iV. 4414144 141144 44 11143414484444141.1444441444441444184444
4144434 144, 41 soa 444434 8141444444444, som Fr. ΙΙ.’4 1444414 1444441444, 144 1144444414
41 0444443444. - 11144444, 4. 16. iuni. 44. 4 44444 simonica. 4444. 4. 444444 414 444 44,
1. S. 36-31,

4150. 44444, ooo. 4444. om moe 4444 4, 4. s. 444.

’8658 ii. 14444111. 4181444444 14414444 144 Georgo 114114, 444444 1141114, 114444
[11434411 m. 11., 111 11. ai 1144444441 443. 4314414441 monem 11. 14144 43 141444444 4444.
-· Ediob„ 18. June. (Latin.) Udi. p. 1143. 1 loto tepori 41144 44441 444444144144 44 4141441441 444-
nuscripts S. 2112. 1144444, Third 1144441 S. 24 1 11444 41 somme [143 111143441434444441.

’8654 11441. Ρ44444 [4444414411. Chr. 1V., 41444 1444 31441 44443444 Viiheim af
Hossen 111 414 4444414444 1 844434444141 443. 814444444418144413, 43 144441444 8144413
111 Forhandlingssied. — 20. Juni. (Tydski 1141. 1 114411444444441. 4. 4441444.-44141.-Ι44444. Ge·
4411444. li, 2. 8. 36.

’8654 841444. 84444 44411344144144441444144 41144 44444 8444111 (Ν4. 86431,
41 44 4414 4444 4444 43144 43 4444144 41444441444141144444 43 44444344444, 4444 144-
44441444 413 444 444134 1144113444 444114441411444444421131 111414411434 1 114144 41144·
1144343161. - [444444441144 slol, d. 21. (lag lunii. 1144414 1143. 4. R. V. 164-65.

’8656 841444. 84444 4414144 14441411444444 43 4444411444444 44444 44144144 8141

43 114144144 111. 41 yde 1444414444 1831 43 4444144, 4444 444444444444 4443431. -
4144444444 41411, 4. 21. 14411. 4444141434. 11. 111611.

 

