1666 16666611 6661116611. . 461

1566.
61161116 K. 6181166166 111 61 66316 661166 ham 6311.61816113.-16116111116, 1611111111.
jour 16 decembre. (Fransk.) 66611611, 0611661661666616 6111116666 16 1116116166 11. 306-308.

5559. 1161611. 06661661 heder 11. 11. 11. 66 61 666116 166 15 03611661 116 2811111·
86365613 63 1136 666 66636116061661611 til det 16161616616 01361636611161116 1 866161-
1613, 16166 1116 166166 11161161161131166661 116 1116611661. - Coldium, 1. 28. 0666611.
1561. 1Τ111611.) 1616561616. 116 (1666166661. 111. 111-20.

5560. 11. 16. 11.’6 0161 111 Daniel 11661661, 11611 han 111666161 166 Ι11111666 2911111·
Helhredelse, 16161166, at de 6111111666 616116 111116 166 11616116 161611. 066163, 63 61-
16161, 61 161 6111611616 81111, 6106166161 1116 111113616 61516161116116616161. - 6611116-
16151119, 11. 29. December. 1111161.) 1161166, 11161. 11116611. 6616111-12.

5561. 11. 1611. 11116161 Μ6316116166 1 016666 61 1616 1616 16 6166616166361,

som ere 1111116316 1 81611611, 111 6111116 11161, 1111. 1 116161 81666666, 0111. 1. 016666 0166 0161.
1166131.

, 5562. 11. 1611. 1116111161 Μ6316116166 1 016666, 61 16 6166616166361, 666 616
161631610166, 1116 666 366 1111 6611163, 666 616116 116116 613116116111116116163

1116 1616 6161 11666166 1615111166 61161 661 11666616. 11111. 11616161666666, 111111. 1. 016666
1161161. 11, 2. S. 137.

5563. 11. 16. 1116 8161661666611616661161 111061361661016666 63 Ν111613 161

53100 116161, 666 16 have udredet 111 16616 1. 0161666 11111616. 111111611616166666611161.
1. 016666 0166 11161. 111. S. 131.

5564. 11. 1611. 56161611163161161661016666 61 66166116 hem med 16 81111.

1611161 166 01661 61 16661616 81616, 1166366 161 1111 1166 6166 01163661116 63 61181116.
0111116161 81666666, 011161. 016666 0166 11161. 11, 2. S. 131.

5565. Momm 811661, 6163661166166661 6161 111636 66366 111 at 3116 mere
81663616 661 61161 366661 11611631; 63 at ingen Sjaelegeve, 8616116116, 16116166161
66361113 166 66366 1611636611, 666 16111666 6166161111163661166111 166, 666 6161
11616 den. 1111. 1 11116 011616661161611. 66 861161661161 S. 184-85.

5566. 1666666666 06161163, 61 16366 11661 666 116116 11666616 1 61611616
11161161 61161 auden usaedvanlig Klaededragt. 1111.111116111616661161611.6686616166111618210.

5561. 11616 6161 16 0611661661 61 066661161161, 666 616 1616 63 616366 ·
1553-66. - 1111611 1111. Ρ616666111161.1116611. 11111-31.

5568. 1666Μ66166666 i Glerup tilskjeder 111. 161366 11116 66 66611 1166161-

66116 661 2 16111636 1611 6161 1661611616 1111611. 1111.11116166666,16666616111611161. s. 31.

1561. · 1661.

5569. 11. 1611. 1116111161 Daniel Rentzow, 61 han har 1111611 11611. 1161161 4. sennar.

1616663166111666 Heste 631166316163611166. - 6611116166, d. 4. Ianuarii. 111161.)
11111661, 11111. 1111166111. 2. 11. 1. 512-111.

5510. 11. 16. 11. 11116161116116166 11161156, Ν1616 816616 01161161, 6111661116 66 5. 161661.
111111661111116 06611116, 666 161 113361 6161 66 61 1166166 Μ6616 1611611166 0161, 111 61
1166111111 sin 86116 (11111. - D. 5. 1111111111. 0111111666,1111160161116116111111161616. S. 198.

5511. 11. 16. 1136 661166 0161, 6101. 116666 061111, 6636611661111166 631116- ⁷· Januar.
6166161 86366, 666 1163116 613 111 610611616116116161116666 6166 81611161, 66166161

59*

 

