1578.
5. 11111.

612 Kone 11111111 111 11111.

’7311 11. 111. 11. 1111111 11111 11111, 11111111. p. 1111111113, at 11111111111
1111111111 flans Holmands 011111 1111111311, som 1111311 111 11111 11 110111 13111

’ 111111111111111111, 11111111131111. ·- 01111111, 11111111. 111. 1111111111111111111111111

13. 1111111.

18. 111111.

19. 111111,

19. lunll.

19. 111111.

20. 11111.

23. 111111.

m, Tm. 81763212. 1111101111. 811111111, 111311011111111111111111,Μ1111011111111-
11111, Η111 0111111111111111111111, 13 9 andro lllskjode ll. Fr. 11. 1111 1111111111 1111
1111111111 Hans 1111111111 011111 1111111311, 11111 11111111111 nu 1111, 11331111 1111111

Stranden. - Odense, d. V. lunii. Udt. l 1111111111. 11101111111111111, 1111. 862. 18111111

1111111011. al 11 811111 111 1111311 11111111111111111111 1. vallae, 11111011111111111111111, 1111111111
1111111 l 111111 01111).

3316. 11111311 11 1111130311 Sllpperen 111 1111 11111 11111111 l 12 0311, 1111111111
11111111 12 0311111· (111113111111111 8111 111111.
’7313 1111110111111 1 01111 13111111, 1111111 111 0111111111111 pm 1111111

11 al 1111 1111111 1 111111, 01113 8131, 1111111113 111 11181111, 111 11111 11111
Taterne. — Tureby‚ 8. lunii. 11111111, 1111111. 0111.1111111111131111118. 292-93.

’7311 311111111111, 11111311111111111111, 8111111111 p. 1111111113, 011111
1111111, 81111111, 11. 1. 113. 01111111113111 Brudemesser i Helsingor. - (1111111111
11111111, d. 13. [lag 1111. 111111111111111111111.

’7311 11. 11111. 1111111111 111. 01111 0113, 8131111111 1 Μ111111111, 11111111

Part 1111111111111 1111111111 8131. - (1111119111), 18. 1111. 01111111111111111.
31111178.

’7310 11. 11111. 111110311. 1311111 1 011111 om 1111111111 ham 11113113 1111111
i 111111113 al 11111 111131 over, at 1111111 11111 1111111311111111111 med 111311 11111

11111 11111111111, 111111131113 og 811311. - 1111113111, 1. 19. lunii. 1111. 11111111-
monson. Bldr. 1. 0111111111111111. ll, 2. 8. 187-88.

’7317 11. 11. 11. 1111111 Jacob Ulleldt, 1111 wilfert, 1131111111, 13 011111
wilfert at 111111 1111111 11110311. 13111111 011111 om 111111111111111111111

11111111 sord 1111111111 1111111111 1111111111. - 1111111111, 1. 19. luni. 1111 11111111-
11111111, 0111. 1. 011111 11111 11111. ll, 2. S. 187.

’7313 11. 111. 11.’1 11111 Β111 111 [111111111111 ἰ Fyn, at 113111111111 Jacob
Ulleldl og 1111 ’11111111 111111 111111 111111111111111111]·11111111111111111113131111

1111, Sljaeppemaal 13 111131. - 1111113111, 1. 19. 11111. ult. l 1111111111111, 1111. t. 011111
11111 11111. 11, 2. S. 133.

’7319 1111111. 11111111 0311. 13 11111 1 011111 1111111111 11311111111111

111111 1111111131 71311111 111. - 11111113, d. 19. Juni. 111111111111111111111111111111
1111111, 2. S. 182-83.

’7320 11111. 11. 11111111 Β311. 1311111011111 at 1111111111131111111-11
011111311111, som 1111111111 111 811111 1 011111. - 1111113111, 1. 191111. 1111111111
8111111111, 11111. 1. 011111111111111 11, 2. 8. 180-81.

’7321 11. 11. 11. 11111 11111. 11111 13 11111 111111Β311. 13111111111111113
at 11111111. 11111 111111111113 1111 111111111111111111111 1 11111111311, 11 haphar
appelleret den 11 dem 1. 13. 1111111 111 1112260) 11111111 0111 111 11111311, 111111 lade
81311 11111131 paa 111 1111111131 1111113111 1111111113. - 0111 013. (Tydskl
8111111111, (leuch. 1 1111111. 11. 111111-1111111 1. 1111113111111 8111111113 111. 280.

’7322 1111111111 11011111, 11. 118111111111111111318111111111, 1111111111
11. Philip 11. om 111 11111111 111 811113 13 Audiens hos 11. 11111, 111111111111131111

 

