11111 11111111 111 11111. 487

15117.

’58111 11111111111111. 1111111111 111111111111111 11111111111111111111111111111 93111111·
11 111111, 111 111 111111111111 111 1111111 111 1 1111111111111. —- 8111111111, then ·
23. 1111111111. 18111111.) 1111111111. 1111111111. 1. 11. 1. 144-46.

’5808 11111101111.(11111111111111111.1111.11111111111.Ρ111181111111 11111- 11110111,
1111111111111111111 111811111ς han 1111111111 1111111111, 1111111111 11111 1111111 1111111111
8111, 11 11 111 111 11111111 11111111 811111 11111111111111111111111111 11111111. -
1111111111 11111, 11111111 ΧΧΙΙΙΙ. NouembriS. 11111111, 11111. 1111111111. 11. 83.

‘5809. 111111111111 11111111 111111111111111111111111111111111111 111 111 1111111- 11110111,
111111111111 811111 11 11111111 sende 1111111111111. -111811111111111 1111111111, 1.
24. Nouembris. (Tydsk.) 1111111111, 11111. 1111111111. 2. 11. 1. 291-96. 1111111111111.1111111111191.

’58111 111111111111111111111 111111111111111111Η1.1111111111Ν1111111111111111 2611111.

1 111111111111 11111 111111111111111111 mod 1111111111. - 1111111, 1. 26. November. 1811111.)

11111111, 11111. 11111111. 2. 11. 1. 141-48.
’5811 1111111111 1111111111111111111111111111111111111, 1111111111 111111 11. 111111.

1111 1111111 1 1111111111, 111 1111 111 11111 11111Ιί11 11 1111111111111 11111 11111. 11

, 1111111111 11111 11111111 111 111111111111111 811111, 811111111111111 111111, 1111111111111-

1111111 den nye 1111111 111 11111111. - ’1111111 21. Nouembris. 11111111, 1111111. 111111. 11111,
1111111 111111 S. 211-13.

’5812 11111111111111 11111 11 8111111 11111111 111 11111111. 1111111111, 11 111 11 21111111.

usandfaerdige 1111111, 111 sige, 11 111111 111111, 111111. August, er 11111 1111 111 den
1111111111-21111111. (Tydsk.) 1111111.11111111,11111111111111111111181111118374.

’5818 8111111111111111) (1111111111) 11111111111111111111111111 om 11111111 21. 111111.

. 1111111111111111111111111.-811111111111,1111211111111111. (8111111.) 1111111111.
3 1111111112. 11. 1. 151-12.

1
1
1
1

, 11111 11111 Τ11 kun 11 11 1111111111 111111. -'- 1111111111, then 21. Nov. (811111.)
¹ 11111111, 11111. 1111111111. 2. 11. 1. 148-11.

’5815 Ρ1111111 11 01111111 11111 (1111 1111111 11 1111111 11 1111101111111 27. Novbr.

’5811 111111161111111111811111111), 11111111, 11 11111111111111Ν111111(11111111) 27. Novbr.
1111111 (1111 1111 (11111111 11111111111 111, at 1111111111111111111111111, 11111 111

8111111111 om at sende en 11111 111 11. 11 1111111111 1 111111111111111111.-Ζ111111111,
11111111. de novembre. (Fransk.) 11111111 11111111111 1011111111111111.136-37.

5816. 11111.11.111111111111111111111,811111111111111111111111,11111111 23, Novbr.
1111 1111111111 af Boddum 11 Ydhy 81111 mod 111111111111 11 121) 111111 1111111. -
1811111111. 1111111111111.11111.3.11.111422. .

’5811 11. 111. 11. 1111111111. 11111111111111, 8111111111 111 S. Bodils 111111 1 29. Novbr.
1111111111111, hvis 1111 111111111Μ. 1111111111111111111 1111111111 11111111, maa bekomme
1111111111 (111111111111111, hun 111111111111, 11 11111111 den 1111111111111111
uidere. - D. 29. Novbr. 1111111111111111111, 8111111121.

’5818 Pan 11111111111111111111111111111111111111111111111111.1111111111 31. 111111.
11111111 1111111111 111, 1111111111 1111111111 111 1111111 111 Hageskytter i to 11111 111 1111111111.
“γω111ια, 30.Νο11111111111. (Svensk.) 11111111,11111.1111111111.2.11.1152-54.

1819. 011111, 111111, 1111111111 11111 11 11111111 1111111111, 1111111111111 11111111 l. oecbr.
1111 11. 11. 1131 1111111111ῑί 8111111111, 1111 11111111 1 811111111 1111111111. god 111111111-
1111,111111 vil 11111111 1111111 111 1111111. - Wde' wortt [111111111111111111111 111111
111111 111 Decembris. 1111111111111, 1111111111, 2. 11. 1191-98.

 

