11000 (10010100 10110000. 15

w·

131.
*159. 11. 000. 111.’0 11101011111 101 Peter 1110101100 01 110001013 111 1100101 1 11.ξο1111-
100101100 00 11131101000 01 00310 101 01 111000 100 1100000 10010310310110101. -·
Vstode, 01001. n. 1101101ορ. (Tydsk.) 111180110110,1)101000101. 1110001013, 11119.

*1611 1110001111 00100000 1100000000111010001001, 11. 0. 000 10100 01 11. septbr.
1001 10010300100100, 100 100010100300110001103 101010310 8001300001. - Mont. 0.

Mathai ap. 11111011.) 110010, 10010010 (10001. 110 10110111. Reform. 111. 114-57 1100000003).

1010100-11111101’,(11010001011011411-17. Waltz, 10110011 u. 111300 11010000101 111. 119-21. 11111
Becker, (100011. 1. 110100 81011 1011001111. 104.

’161 100001010010301000001011000011000011103010000101 1111111110 11. 001111-
0310110010 (1000011010 1011030 0101101300 1101001001 03 donnes Dom 03 1001010100.
- 10 24. 1030 100 mantes 1001001110, 1010100 100 00010300 010 1110011111. 1110113101.)
Waltz, Lfibeck u. 111300 1010000101 111. 523-29. Post
¹162. 1101010103 01 8110101100 110000, 1101000101 1 10110011, 00 1101010300 1 24. septbr.
1101100111101, 1101 11οο300 01 11000011 03 101 11101010010111103010 101300 11101Ιο000101.
- 1536 (11011001103. ss'ydsk.) 11011010110010.11130010110010101111121.

*163. 80000 1000000100οε 111100, 01 1000 03 Hans 11010000 1 11000100 11 25. septbr.
11103011100 000, 01 (11110100 Ηο0000 1 1110001031 301 100 8111010 000 100 1101, 1000 ’
1100110 10010 0110 1 100 (10011, 10 00 110010. - 1101031 n. f. 0. Myckels dagh.
11101000, 10010 131010 1110301110οῐ 8. 86-87.

*161 11. (100. 111. 11111001031101111. 1030010300, 01 100 310100 001, 01 8101101 00. 000111,
1111110. saar 11003003, 03 Ι10101 100 1110111νο 1100300, 11011001010101 101111 03 111
0110300 1101011011. - 1000000 01100010.Μο1101. (Tydsk.) 001100,111100.0011.0101,
1101 og 01000 s. 1-6. ’

*161 11. (1001101111100103110111.011111, 01 han 0010010 111 10010000 013 08. septbr.
med Hensyn 111101110101000 1 10 111010010030110110 13101010 03 8101010 1011001, 0001
100 0110101, 000 111110 11111001 Κ. 111. 111 1011010 013 1011. - 1101110100 1000301111,
28. Septembri& 15100011.) 1111.1103011100101113011101. 11. 105.

*166. 11.(100101 1110111101Η1.10011110310, 11. 111. 111.’0 80010101, 01100111 10. septbr.
1010 0131 0110010011. Chr. 100010 800 11110301010111 4 10101001, 0001 ang. 1101111110-
110000 01 101 0311011010 1011001. - 1010110100 1011031011, 28. Septembris. 1810001.)
1111 1 10301, (111010111Ῐο 11101. 11. 101-106.

’161 11. 000.111.’0101301101 11111101101010 11110111. 11111110101111., 1101 10000111,
100 010110 1010 11101. - 11001001, S. Michelsdag. 11111100101103. 1. 186.

*168. K. 1001010 8111110100 111 10 100010 8001010111111011110310, 101101 1. Octobr.
vgrup 03 Η1. Μο1110 01000, 01100010101000, 110101001. 101 001101 0000101010 81101-
13110, 001 1000 Parti 1110 000110 1010 1111011 1111011113, 000 01 10 000110 0110300 03
000100 1111101001. - Βο10110110, 1. 00101110. 1810001.) 111.11030100010130011.11.106.

*169. 11. Chr. 111.’0 110001103, 10001 100100000100000 1101010103 111 100 00 0001011,
1013001101100001010 01101010110103 1000110100. - 6011013100, 0111011000 0. Μ10100110.
(Plattydsk.) Waltz, 10110011 01111300 11011001000111. 521-13.

’171 1110100 11Αο0000000 1. 11011100 0030011101 000 010 Ηο01100110300 101· 15, (mm
skjelligt 1010 111 Hans 10100000, 011101010110100000 03 1010101100000011101000111.

10110101 001 01100 01 100 811030111 m. m. - Stysqardt, mand. 0. 0. 0. 11100ῑο11 103.
110100, 100 110000110οώ 11101. 11, 1. 1111100. S. 111-16.

 

