648 11111 01111111 1111 111111.

2.
55311111· 7753. cums 0111111 1110111111 11. 11 0111111113, 1111. 1101111111 1111111111
11 0111111 111 12 Skibe 111 at 11111111 1111011111 111 11111110 1111 det hvide 1111. -

1111111111,119.1111111111. 10111111.) 11111111111111.1111111111-11. 111 111111 1

summe 013 13 1111111111 111 111111111111311 1111111113 11111111. S. 177-78.

26. 1111111· 7751. 1111111 011111. 0110111111 1101113311 11111113111111311113 111 20111111
1511111113 0111111111 1 11331111 11111111 11 011111 1 1111111111 1 8111111111 1311 011111

1111111311111111111111111111. - 1111111111, (1201111111. 1111.11111111111.111111111111111,
7111. S. 67-68.

26. 11111ῑὶ· 7755. 1111111111 011111111111, 1111011 11111111, 113. 1 1111111311, 11111 11111111-

11111 1111101. 11101110 1 8111311011. - 1111111111, 11110111118111113. 1111.1111111111.11 .

(1111111115. 111, 1111. S. 17.

311111111- 7756. 11111111. 11111111111.011111111111111151113, 111111111111311111 Ἴ

111 1111111111 1111113 111 1111111111 8111111111Ν11111111111111. - Friedericlcsburq, 31. 11111.
11701111 01111. ’1111111 1 11111111, 1111111 d. 1115311111 1111111 01111111 Ι. 470.

1111111. 7757. Η111. 1111111 8111113 13 11111111 111011 [11111111110111111 1118115111

2Τ111111011111,·11131111111111101- 11111111, 11111013. 11111111 111111. 111111.
1111, 0511111101 zu 81111111 8. 109.

‘2· Aprilis. 7758. 11. 11. 11. 51111111 111111 011551 1111111 113 11111 11110111, som er 1111111
1 Sagen mod Ρ11111 Β113111 1110111101111 mod 111111 8131111111, 13 1111111 111 111
panderes 11111 13111 1111111 1111 (1101 13 1111111. - 0111111119, 2. Aprilis. 1111111-
11111, 81111. 111. 621.

2. Aptius. 7759. 11. 11. 11. 11111111 111. 111111 1111111 111 111111 0111011111 1111 8111111111
111 111115113. - 12. April.) 11111. 1 Erus, 11111. 111 1111111131113111111. 1309.

11111111. 7760. 11.11.11.51111111111101113111111 11311111131131110, som 11111111 l
Kbhvn.‚ 1111111 111 1111101111, som ere 51111011 1 511111131811111111111, 11111111111111- ’

11111 Byen 13 1111511111 11011111111111 1111111111115131.- Fredmlnsborq, 11. 6, April.
Udt. 1 11111110113111111, 81111. 1 d. 11111111 1111111111-1111. 1. 228-’20

1011111111· Δ 7761. 0111111111111Ε1311111 111111111111. Fr. 11. 111 1111111111111111311111
, 11]·1511111111 1111111111111111110.-10.111. (Latin.) 11111. 131311111111,1111111111.1.11.

1111111. 7702. 11. 111. 11. 11111110131111Ε1111011551, at 1111 11151111011111131 11113111
11111111, som have 1111111013110111111 11111 813111111111, 11111111, 1111 111111111-
111111 111111 11111111 11101111 13011311111110111111111111.- 1111111113, 12. Aprilis.
111111111111. 8111111. 111. 622—23.

11111111, 7763. 01. 1111111111 111 1113111111 1111311 111 11. Fr. 11. over, 11111131111181115, ⁵⁰¹ss
11111 1111311113 11111 11111111 811151 111 013111 111 01111111, 111110111111111511111111·
1111111111 disse. — 0111111111, 12. Apr. (Latin.) 111111. 1111. 1 111111111111111111111. 16.

1⁴· Aprilis. 7764. 111. Ε1111111 11 1113111111 heder K. Fr. 11. 111 11 1111111 111 1111811111

111 111 11111111 11 1 811113 1111111111 1131111 8115. - 0111111111, 14. April. (111111
111111. 1113. 1 11111111, Third 11111118. 16.

11. 111111. 7765. 11. Fu. 11.’1 0111111131 111 Matthias Budde 11111111 1111111111111111111
England. —- 17. Apr. (Latin.) 11111 p. 1113. 1 11111111,811111111111118.27.

1111111111. 3636. 1111111, 11111-1111.81111111111111111111 1 011111. 13 1111131111, 1. S. 72-73111111 ¹¹¹¹¹¹ffi
11 111. 1111.

 

