1555.

22. 11111.

22. sulii.

29. sulii.

20. Augusti.

21. Augusti,
23. 11311111.

23. 11131111.

242 11111 (1111111111 111 1111111.

2828. Κ. 0111. 111. 1111111 Μ. 11111 1113111, 81111111. 1 11111, 11 1111111111
Κ1101131111. - 111111111111111, 1. 111111 Μ13011111 013. Ny 1111111111. 81111. 111. 311.

2829. Κ. 1111111 11111111131 811111111111111 (111110112131110, 0111111111,

11111 111 11011 1111 111111 113 01111111311 111 Κ. 111111111111111101. - 22. juillet.
(Fransk.) Vertat, 1111111111 0111111. 0111111111 V. 35-38‚

2830. 11111, 11111 1311111111 1 1111111 domme 11111111111111111111111111111
13 (1111111111111111, 11 011 110111 1111111311 1111111111111 111, 11111111111111111111111
(11111 131111111101 0111. - Wortt 11101111, 1111111. 01111013. 111 11111111181111.
1. 262-64.

2831. Κ. (1111. 111. 1111110111 paa ny 1111011 1 111111 111 11 1111111 christina
Gordesz i 111111113 111 111 1111 1 111011 (1111101113 med 11111 11111111 11111311 13
11111111. 0. Μ11111 11111111. - 1111111, 01111111111131111. 111011.) 11111111, 1111111111.
1111111113. 11. 1016-17. ’

2832. 111111 11 111111 111001111 1111 Philip, Κ. 11 11131110, 11 11011 hans
110111 11111 111 111 11111 1111111 1113111131111110011011111111101111011111113. -
111111111θί111, 11 8. (111 130811. (Spansk.) 1111111111111111 0111111111 1110.111(111111111“11’.103.

2833. 111001111111, 111011 11 011 1111111 (1111101 1 11131110, 1111111111, 111
Κ. 1111111113, 1111111111111 11111311 111, 11011 011111111101 1110111111 111 1111111111

Κ1]11111; 11011 1131, 11011 11111111Κ1111111011 11111 Κ1131. - 20. 1111. 11111111
111111111111111011 111 11111. 01 1111111111 V. 78-83.

1340. 1111011. 1 1111111. 11011111. 5. R. 111. 330.

2834. 1101111 1110011111 011 1111111 (1111101 1 11131110, 01 Ν1111111, 11 11
10111111011111111111 111011111 111 Κ. 11 111111111 111111. 1181111110 13 01111111 13111
1111111 111 Κ. (1111111113), 11111Ν111 11 (111111, 13 1111111111 11 111 111131) skal 1111
1131 11 31111 1111 11111111111111311 110111111110111111 1111111111 11111 11111. 11
1111111311 1111111 Τ1111; Κ. af Danmark synes 11111311 111111111011111 111111111Κ11-
seren og 81111110 13 111 111111 111 111101 11011 11111111 11, 11 01111 11110 8111111111.
- Domsors, 1123100111101111. (Fransk.) 1111111111111110110111111.01111111111186-89.

2835. 11011111 8111111111 111 0111111111 (11111011 11131110, 0111111111, 111111
111 11111111 01 111111 1113111 111 11 1111110011 1111111111 Κ. 1111111113 13 1111111111 13

’ 111. 1181111110, 1111 111111 1 11111113 11111111101110111131110. -— 23. 1111. 1111111.)

25. 11131111

26. Augusti.

ι 26. 1131111.

27. Augusti.

111111111111111011 11 Mese. de 1111111111 V. 90-97.
2836. 11111311111 1111 81111, som ere 11111101 11 01 011111 Κ111111011. ——

(Den 25. August.) (11111, 1111111111. 1110. 0111118111311.34-31.
’ 2837. Κ. (111. 111. 1111111111 (1111111131 1111111011, 1111111011 11111011111131,
11111111 0111181111 111111 11111111οε3 men 01 01111 11111131( 111111, 1111111 011 011111

1111113101811111111110, 11111111111081111.- Holmstmp, 211113. 1111 1 11111111.
ΝΜ Ι,28384611 01111. 111. 1111111 11 1111 Κ1111111011 11 11111111 11311 3101 Κ11111-

1111111 111 0111181111 13 11111111 dem 11111101 01111111Κ111111101111, 1101110111111
111111 11011011. - 1111111111, 26. Aug. (111111111111111111.115.

2839. 811111111 111 011 1111111 (1111101 1 2131111, 11 11111111, 111 Κ. as
11111113, 11111 111 11113111, 11 Κ1111111 111 1111111 Κ. 111111111111 111101101111111311.
- 1111111111, 11127. 1101111. 1311111111.) 111111,111111101111111111011111111111118-1110.

 

