tortunensis< usu 11113311. tet

———·-—-———-.-—.

1567.

3330331 33333 03 31 1313 333 11311113311033113311 0311333 1113111113333331131131

113133 161133331131331. - 1131113131, 3. 19. Augusti. 11313331, 11111.1111333111.3.3.11.4116-58.
1113113111333, 13333113 03 1101333 11131. Ι, 9. S. 141-43.

5734. iussus 11303133 1113111131 cecil, 31 1133 331 310113111013111131113111. 3313311111.

1133113113 833311113310331013311.-60113111131311, 2311113. 113113.) 1131. p. 3113. 1 sure
1311313. Fer. Ser. 1566-68 S. 327.
’5735 133113131333 111 11, 11. 11. 031131313331113133 0310130311033311331133101114413ῡῦῑί-

3. 24. August i 11013133 333 113133103313333 ferte Ferirandiinger 333. 333 11331113 11331111-
1333110131, 3313 113 33 33131131 11331113 31333 101313333 [13331333313310311313310133-
31311313331 333 131 1 33333 833 303 183333 333. 33 111 1110333 11313333 131331133 03
1111111133 603331 03 133133131, 331 1313 1113133 13313 111 8333313013. - Ueien 113133.
11111311.) 131333131311311311313331311.111.32-31. 11133 33 1033333133 pus 33 331313 (103331, 333133. 8. 351
5736. 11. 111103 Vi. 31 81011333 1113333133 Μ31131 1 11333 Ν3131 33333131 11. 9511311811-
11.11., 31113111. Clark 1113111 3111131113 11133131 31131133 31 1101111311 1 31333111 11333311
333 33 31 1133 111311333 110111131, 333 31 1133 3113111011131113 1313 111 10333 33. -
8111311131, 2511113. (Latin.) 113111.1133031113331.11133131,11111313110118.15. 1111. 11131, 11333111.
3. ii. 11. 625, Anm. 1. .
’5137 11111313 patentes 30133, qui 13330 83011311331131, 13103331331111111331331 26. Augusti.
1330110 1330333103 31 (13113130 11333331 3 33113 13313 303333333, 31 03333 hemines,
quibuscum 1331 813013 11311331 33331, 11 3131313 13113 33111133 impune persequerentur. -
25. August. Brudst i 11131. 1133311. 3. 11. 11. eus-26. 1113331. 1 1130131, 111113 1311011 8. 16.
’5733 11. 11311. 1113111131133310113 03 10333311113 013 3130133 101, 3133 27. 11313311.
333313 11111313 0311331333 0111133 33111331 3131131 3113 Mede i 1131333133 31331 1133133113
103, 33333131 3331 031 3133 1011333113331 333 33113311311111313 03113331 3313 sende

’1511011 113131 1 33331Μ331. — Lued, 1113333 111111. 333 Augusti. 11133131, urst siluerit.
1111. - .
’ 63’1573363 111311. 113331 13331 Ore 03 1011333 11113 03 3333113 31 313113 33 31 3111333311.

{turgeu 1011333132011110113131111113331333113133, 331 1111313 1113 11113 111113 up. -
lund, 31. Augusti. 11111333, 11131. 11113311. 2. 11. 1. 635-36.

’5143 Κ. 13. 11. 0111013131 1133131113313011 111 31 1133113 313 111 11313 1 1131333133 3111333311.
310331333131333 1131313133 03 33133 10133331133313331131331333. - 1111111, 31. 113-

31131. (Tydei.) 1131. 11. 1133311 1 1101333, 11131. 1111331111. 2. 11. 1. 6311.

’5741 11131 1138313333313113331111 811311 111 (1311310131 Geie 1. 8333313131- 1. 33111111-
1331113 03 11333833331381333113331, 311311333333 iren roser3 1133 31111131 03 31111313
03 81331333 113331 303113333111030333113113333, 3031101333 11111311. - 811031-
toret, 3. 101313 Septembris. 111 1111311111. sumt. v, 247-49.

'5742 1311133 Murrum, 8311311311111113, sumtykker 03 3133133131, 31111. 833133 3831111-
11331333 33313131131131133 101 11333133 03 8111313 1 111. Ν1313 83313333333113 03 333-
redere 33333 303 8033311331. - 2. Sept. 113111111111311131.31311 vt. 511.

’5743 11311331. 1101101333 1131113331 313 101 11. 11. 11. 0131 333 11331 3331133 3311111·
11331313, 333 1131 331131 1303 113333 ved 313310331333131, 111. 1313331110113 03131333
3033113311, 1131333133 31 333 11331113 33331313110131 333133 111 803331301313313
313131333311111.-8031131511111, d. V. Septemb. 11133111 1331131313. 113 (13331333131111136-311

’5141 1131331.1103011131 33113331 313 111131 111 313 1131131, 11311113113331333 9. sepite.
31 83311333, 0131 313 1110331, 11311. 113333 31 83011333-1131133113133 3131131133110133133, 331

Rogat. un. u. 331. rr. 61

 

