Konn 10001011 nnn 1111100. 413

-.-- ———-....---—-——---— -

1566

1111010110 hamburg, 10 011010 110111011010110 101 11003000 111011 111 Daniel! 11001011 11110
10101101101111111010.- 110110, 20. ianuarii. 1111011 11011011111011111101112. 1111113-11.

5257. 11. 1101111111. hehrnjder 1110108000, 01 1101 har 1101103οῑ 1011110310, 0011 2010110.
111301 hande givet 1101111113 111 01 1111013301 10111013 8101. -- 80001110, 1. 20. 1010011.
1810111111 110111. 111. 81011. hist. 11. att-87.

5258. 0111000110 melden 11. 1111111111, 01 han 1. 18. ianuar 01 10111001 111 21111111-
1101103 1 11101113 1101 6101 810110, 111. 8101 11111001 03 111. 1110Ιο 81010 har 1031
1111101111 1113101101 0001101100, 1001 01110101 013 10111010110110111101 01 1100301, 011 han,
¹ 11110110 010110001011301 11018101101111 01013110 10110, 01101 1010 101 011101001010 1101
1001100 03 110130. - 21. 10100111. 1810101.) 111111101011111012. s. 11.

5259. Μ1111 ’111110 1101101 11. 1111111111, 01 10 001010 11110 31010 1111011 1 22101001.
1111101011 03 11011010110, 01 111111 Μο111 01 1110101 101 1100110110 1 1101301 03 1101101
stage 03 11000011010001 101 ’1101100110 1 1101111000101, 1011. — 22. Ianuarii. tSvensk.)
1111. 111101. 110011. 111112. S. 13-14.
5260. 111010 110111 111011110111. Erit 1111, athan, 00001011 101010 81311111οο1 20100011.
9 0011001101110181111001,1110010010101101101100.-21101001, (Svensh.) 1111111101.
0001010, s. 0-10.
5261. 1111 0101001000οε 811110100 111 11. 11111 XIV. 01310111011010 1100 10111013 20101001.
’ 8101. - 23. ianuarii. 1810101.) 1111111101. 110001. 111112. 022-23.

ᾖ 5262. 11. 111111 xlv. 3110111101 6101010001110101113003. 101111301 01110001- 24. ianuar.
3 ningen 10010111013 8101; 1011011101, 0011 11010 3000111. 01 1100100111 111 1100110, 0111110
01110011181001111111. — 8001101, 21101. (810101.) 1110101.111101.110011.1111,2.8.4,1111. .

. 5263. incon 11100100000110 03 111010 Ρο11000οο00 811110100111 11. 10111111. 013. 20101100.
1 11101101 01 11310101 pan 10111110 03 013. 01 10301 1011 01101001, 0011 har 0110101
, 111010 111 81001 01110. - 25. Ianuarii. 18101011.) 1111111111. 110111, 11111022.

5264. 11. 11111. 10110101 0011011101000 0101 ’1101011013 8101 031011 1111 101 20101001
hinstid3 dnn 11011 1101 111001111301, 0101 hans 1110101 Ρο101 11011100 have det 1011110111.
“ 6011150900, d. 26. ianuar. (Tydsk.) 1111111011011111101. 111110011.2.11.Ι.519.

5265. 11. 10. 11.’0 101010110301110110101. hibent 1110110011, 10100010011011101- ni. ianuar.

k 0101101111111111100110111. -00110011300, 20101. thatin.) 1111011131 0101010000.
ἲ 11801. - . .
³ 1’56266658 {hians 110110 1110111101 11. 11111111, 01 han vii 11010110 1111301011οῑ 1. 0002911110,

, 20101001 03 derefter 01101 1111110 1101 Βο1100; han hegjoerer, 01111.8101100010130 110111

, 0110013101.- 01011101111. 18101011.) tinniunt. nannt.V1lt,2.s.26.

’ 5261. 110110 1111110001 001101 11. 11111 xlv. 111110101111301 110 1101100111 0310130011129101101
11111301 0101, 01 han har 101 11030 111031 111 01 1101010011011011010110110011, 00101
111101010001001113.-111011101111, 1810101.) 1111.11110.110111,1111,2.8.21.

5268. Κ. 111. 11.’0 1111101103 111 Hert. hibrecht 01 1100000ηο 0000111, 01 1101 20111111.
1110 101 1111010 013 1100010 10110011103011101Μο1131 101101 011110110111113 10111110

’ at 1111010110 10301 1010111301 1 hans 10111113010011101Ηο1011 111 10 011101010101010

1101103110 101 111110110001130 1010101, 1101111101011011110 1101111301, 11110 denne 100-

11000111011111110 011030. - 1030011300, 1. 29. 1011101. 1111011 [11111001010011.

110111. 1111111111. n. 0011110131, s‚163-68. 1110111111. 031111. 11113011. zeitschr. 1. 110001., 1101011031.
Schmidt 111. 256-59 03 t 111111οο110 111001. 11111. 396-98.

n·

 

