542 116116 1116661161 6611111616.

111-111111 . 2721. 661.6666116611.111666311111166661666.

1911111· ’6471 1661161 0116 1616161 66 Del 3661611 16116616 116116- 63 866161-1161161
61316 11616161 631166161 1 Η6116161661661311166 6116166 666116, 6661 11616 16166161
1616616361661 63 Vin 63 1166661161. - 1161166116, d. 1011161111. 1111161161. 61611.3.11.11.131.

91111111· *liin 11. 8161611616 166661 61 16166 116361111 6166 86616161 161161661161161,
11616 116661611 6316166 1616611, 6161, 61 ll. 6106661611 161 116166 1 8161116 16116661
111 811161611 1166 Ν6116; 16 616116 1611636 16166166 111 6161616116 61616116161131161161
6161 8111161666 1166 116116 63 1111136 11636 6161 16 116616161661661, 6616 161116166 18161116
616 16366 ang. 116161 63 6661, 116161 161 161 166 6661668111113116161 166116611616631166-

36166 6106616611 63 816113. - (21. Μ616.) 116116.) 11111. p. 616116163 616116111116111161-
616166, 11161. 1111616111. 390-92.
2711111· ’6477 1161161111611616111 666161 Η611. Hans d. 161116 6161 1666 1161616611116161

111611 Wnyen 7000116161, 6661 166 16116 166616116111; 1111136 6111161 166 616 6611616-
halldel. -8011616111119, 27. Marci. (Tydsk.) 1616161616.11666161666161.11198-89.

’6478 1111111. 11116161 Β361. 63 11661 1111636 111 161661616616166166116166
6166616336 66 8161618 81. 1166616 1166111611 1661 6111161833 63 6616616 8661611161

1661 11616, 6661 61611166 6116116116166 1 Byen. - Hafnioe, 30. 1161111. Peterson, 111636 6161
2. 1611111. ΗΜ, lnsszgn Slnivelse 116 166 1166616 666661101161111166166111 111 ll. 11611 11. 61

11661113, 11611166 66116161166 166616 1166366 8116631161 6161 6166 6161616 1616166661

63 disses 161663 pan 61 1616166 1611. - 1661661666, 11131111. (116661.) 11161111. 6311111
111161. 11116611. 3. ll. ll. 676. ,
4. Aprilis. *648n 1161116116 11611661611166 11616, 11611610161163611 0166666 11161 61 66361

116163616 16611666 [6631661661 1 11661611 111 86666666. - liy'obenlavn 8161, 1. 116111.
011. 1 116161 8111166666, 11111. 1. 016666 11166 11161. 111, 1. 8. 91.

4- Aprilis. *6481. 86666111 01661, 1116111661161616 1 116611116, 611166161 611616 6636611161
1661 Ρ6161 016 1. 61666116111 66 8. 166166111 111616 666111 8166611613 mod 66 666111
1116161611 1166166 Η61161. - 1661661666, 1. 4. April. 16111661,11161.1111116611.2.11.11.51.

11· Α111116. ’6482 Κ. 111. 11.’6 11161 111 Czar 1166 1666111611161 11., 1 1111161166 661161 6161
1166661666 01613161 1 16 661616 1661661161 63161166361161161161 161 1161661 11611611Ιί666

6666111161. - ll. April. (Tydsk.) 111111161616616, 66661.1.16661661661616161111151616136.
8. 338-39, 1616. 204.
’ 14· Α111111- 6483. 1166116166 1111666166 1636616 11161 86166116 scribit, 161661 oceanum sep·

1661116661661 6 piratis infestum 6666, 16161 qnos nonnulli 11661. - 1166661616, 14. Aprilis.
16636611 1161616161 l, 1. 8. 169—72.

16· Aprili& 2729. 1111161161. 81611. 3. ll. 1108-10. l lloplbogen 611161611016161111166 slat. d. 17. 1161.

1«1911111116 *6481 Μ6166116 1611666111 111 166 1166616 116636 16166611616666161 11631661,
1111611111 11111661, 11611131616166 618161136 6306666116 6661311616 11161161 111166
66361616 01666163 61616166. - 1166061661. (Fransl.) 6611616666.11161.116161161661616161
6161-69.

111111111- *6481 Supplik 116 1161666 1 81116 116611666611116 111 ll. Fr. 11. 663. 816116-
66116161636616. m. — 1166166166, 1. 24. Aprilis. 11611116 ling. l. 438-40.

21116111· ’6486 11611611. 1166611166 1116111161 11611. Hans d. 161116, 61 161166111636166
61611616 16166 11666661 (1166611611. 1161611 63 11666 1116616) 1 161616163 61 1116166
16611661 1136166 11666, 1111166 63 866161 ang. 66 161166 01663663 illie 161616 11166361

 

