630 11111 11111111 1111 111111.

1580. ’
13· 1111111· 1530. 11. 111. 11. 1111111 111111 81111 11111 1111111111 11 111111 111 1111111111

Sum 11111 11111111 1111111111 og Sonien 111, 111111111 (11111 1111111111111 111111-

11111111 8111111111111111 1111111111, 111 111111 11 11111111. - 23. Μ1111. 1111111
11111111, 11111 1111111. 1118111111111111 8. 113-14.

11· 1111111· 1531. K. 11. 11. 1111111 11111111111111111111111 11 11111111 11111111111111311
100 1111111 1111111 11111111111111 1111811111. - l). 24. 111111. 11111111111111

vodel 2. 1111. 8. 1111.

1111111111. 1532. 1111111111, 1111111111 11111111 1111111111, 11 Μ. 11111 1111111111, Su·
,1111111 1 1111181111, 11111 11111111, 11 11 11111 8111 11111 11111 111 11 11 dem 111111111-
11111111 111111. 11111111111111 (111. 1430). - 11111111, 1. 24. Μ11111. 1111111111. 8111111.

111. 511-12. .

1111111111 1533. K. 111. 11. 1111111111 1111111 11111111 111 Vin 111 11 Fruar, som 11111
»111311 1 0111111, 111 111 hogis 11111 1111113111 [11111311. —- 1111111111, 1. 31. 111111.
1111. 1 111111 8111111111,11111.1110111111111 11111. 1111. 8. 13-14.

1. 1111111. 1534. 11111118111111111111111111. 111. 11, 11 111 1111111111 11111311111-
snappe John Clerk, som 111 11 11111 111 siden 111 11111 1 81111111, og 1111111111
Β11111111111111111111111.- 1111111111, 1. 111. (Latin.) 11111111.1111111111111111111113.

5. 1111111. 1535. 111111111111 1111111111111 11111 11111 1 1111151111 m.m. til Kongen
i Mageskisse mod to 611111 1 Haltrup. - 5. April. 1111. 1 11111111, 11111. 1111111. om 811111
1111111 S. 119.

11111111. 1536. Ρ11111111111111111111111 111111111 11. Fr. 11. 11 1111111111 11 1111111-
111 synode 111 11 111111111111111 1111 mollem 1111111111 og 111111111111. - 1111πεί11111
5. April. (Tydsk.) Udt. 1 111111, 111111 d. 1111111111111111111111111111313-74.

1111111111· 1531. 11111. 111111111111111111 Wiffert om 1111111111, som skal 1111111111 1

11111111 1111111111 111111 1 011111, namt 1111111131 11111111111111111111111111 Hoste.
- Koldinqllus‚ (1. 6. April. 1111111111811111111, 11111111011111811111111.111,1.8. 14.

1. 1111111. 1538. 1111111111111,111111111’111111111Ι 1111111111 111 1111111111 1111111111,
11111111 og hjeltlandske 81111, 111111 11 (1111111111 1111111111 111 1111111111 Behag.
— Kjobenllavn, (1. 6. April. 1111. 1111111111119. “

11. 1111111. 1539. 11. 111. 11. 11111111 11111111 1111111111 1111111 1111111111 111 1111ρί11111
1 11111111. - 111άί191111, tend 21. Aprilis. 11111111,111111111111111111111111111111111 S. 8.

¹¹· 1111111· 1540. 111. 1111111111 1111131111 11111 1111111 om 11 1111111 1111111111 5111
11 sejle 111 111111 111 11 111111 11 11 1111111111 1111111111 8111 111111111. - 1111111,
ll. Apr. (Latin.) 1111111111.1111111111111111111. 811.

13. 1111111. 1541. 11. 111111. 11111111 111111 1111111111 11 1111111 1111 kgl. Papirmolle 111
11111111 mod 11 11111311311111301111 Ρ1ρί1; 111111 1111 han 1111111111 150 111 111
111 1111111111. - Koldinqhm, 11111111 xm. Aprilis. 1111111,811111111111111 8. 6-1.

1111111111- 1542. 11. 111. 11 1111111111111111111111111 11 bruge 111111111111111 11111-

111111 (111111 1011111 111 Logia 1ο111111111111.-11111·1911111, 1. 1111111 1111. 1111111
¹ 8111111111, 11111111011111 1111111111. ΙΙΙ, 1. s, 14-15.
1111111111. 1543. K. 11. 1131 1111111 1 1111111111 11 hans 8111 Ρ11111 Christiana Valg 111

Konga, 11 11111 111 111111111111111111 1111 11111 1111113111 111 11 11111111 111 1111111-

saestning og lade sig hylde 111111111111111. - Ottemze, 11111211131111111. 1111-
111111.11111111111111111. ΙΙ. 101-102.

 

