516 Kone 13131311 313 1113111.

3051111111· *6161 11. Fe. 11. 31113131 13 1131111113 0313111131, 3133 131133111331133 1131-
113113 1331133 1131 1313 81311. 9. Μ31Ι 1 013313, 33 31 han 31131311111331131313113,

133 3133 [1133113113 31 hans 33 033331110133111311131 3131031133131113131. —- 30. 1111113.
(1111111.) 011. 1 0131133133311. 1. 13111311.-113111.-1133311 6313111311. 11, 2. S. 13.

12. 1111111. 11168. 1311311. 03331313 1113311131 11. Fr. 11. 111 13 131113113 113113313111331-
113331; 133 19. April vender hun tilbage til 11311133, men rejser 14 0333 13131131 111
11311133, 1 111113311303111111 hun 3311131 31 13 1133333 hos 113; 11111331311131113311331

131 13 111133113 1000 03131 111 8311131131 131 11311133. - 0133111311, d. 12. 1111111.
11111111 1311131313. 1130311313311311. 1ΙΙ. 69-10.

13· Aprilis. *6169. 1111101131311131131.Τ113 11111331 311313331133313111303131 Fru
Citzell 0110113311 1. 1133111 1133 Fru 111113 (Podebuskes) Vegne 31 1133131 1311131113 1
0311111 15 333113 011. 33 1 31. - 11331111, 1. 03113 133 13313113. 3313331331. 1111113111. 11. 178.

1311111111· ’6110 [1101113311 [33113131 1013113311 bl. 3., 31 111111. 31 83311133 1131 111-
111313111311. 3101311, 3111. 31 0331113111 133113 111113 1131113111 11331 133 11331113 1131133.
- Heidelberq, the 1311111111. 1110331111 011. 33013111.1111111111303311111111311. The 1113311-
1311111 31 11316311 1133131. 406

1111111111· ’6171 01311 0331111331 8111113113 111 Fru Berithe 1031131, (1131111313 03131,
111311 han meget 1131113331, 31 11311 31131 11333331 01113 3133111113 heri Sjaelland, 1 131
31131113 1110311313333 31131111, 13111 1113313333 1113, 33111 13331313 1313 3333 31131
ikke«. - 3133131110, d. 15. (133311 1111111111. 11113113, 01313111 11.’1 033133111311131131 S. 201-204.

16· 11111111- ’6112 1111131 [1111133111 1111111131 03311 313 [13113133111111311 1 1111111331 33
3113131 1133 31, 31 11. 31 03313311 111 yde Hjaelp 13131 K. 31 81133133, hvis denne 1331·
0131113331-113111311311, 16111111. 1033311111 1111111313131311. 1311131569-11362-63.

1111111111· ’6171 03133113 113 LA 03131 11111131, 1131111 1313113131 1 0331331, 111 hans
113333, 1113111133 1331131, 31 111311 venter, 3111. 31 0331113111 33 3131 0111311311 3131 13111131

111331 11113 11131113 133 33331113 013313 3131111311. 3111113. »- 0313311131, 33111111. 13111111.
10131111.) 0311311331. 11111. 13 Le 1131113 1111111133 1. 308-14.

1901111111· ’6171 1311131 113 LA 113131 1113111311, 1133111 1313113131 1 11331331, 131 La
Croix 331, 11131 denne skal 1313111333 133 1133113 113333 33 01331133, 1311113311, 31
3133133131, 31 1133111313 33 K. 3103313311111318111113 11113 3313111303 33 33331111 113313
1133 1331 8311311 111 0311111313 131111 0311331 33 2331331, 11318133131113 11113 33311113 dem.
- Uden Datum. (Fransk.) 03113113311111113131131113111311331.320-28.

21113111. ’6175 Η311.13311 3181311113 33 0311133 131311131111111313 1333318331133 31
13313 113313 1110113133131 33313 51111131 11133 33 31113131 113 111 0133311311 03133131· 31
113313, 1133131 Gemal 33 131310313, 13 han leder 3111313 313 013313331111131 33 331311-
11311 33 33113131 111113 1313113133 11131Ρ31113131. - 24. April. 1111311.) 11111 og 3131131.
1 11131131,1.3330113111“111113 13 83311133 8. 111.

1111111111· *6176 11311311. 03331313 11111331331131 11. Fr. 11. 113 0311311133 3131 133 1131111-
1133 81111133, 133 313 3133113 113333 1131 13113331 3131 0311113 111 Fredsunderhandlingerne:
hun 33131131131 hem 331, 31 1133131 113113 11103111333113111311111. 16. Mai. - Col-
113131, 1. 25. Aprile. 11111111 13313113333333133111.13-11,

1611111111· *6171 11. Fe. 11. 13113331 1131313113 03113 1331 81313331 1131111131 181333113.
- 1113031ιή333, 26. April. 1111111, 81333113 1131111131 8. 3-4.

 

