11010 1011011011 001 1101111. . 469

1564
’4858 101001060111111011 111011110111011100111100101Ιο 010 100 1111011130 Stil· 311- suni.
1103, 1101111. 016101130 810301 1110113101 (10013 101100 0111011110100 01 10100100, 1010
01011611101111001, 0001 1101 1101001 ham 110 10 1110101110101, 03 1010 101 01 110001100101
10101011011 ham 111 01 010111030 Κ. 01 60010011 010 Η11011110 11013111. - 110110111ον,
311. juillet. (Fransk.) 1110100, 100 pap. 1110110 1011. 10 610011101111. 181.

’48611 111111011οε00 11110100 111. 1110111101 Η1. Μο3000 611100011010, 01 11110 03 3111111.

1001100100 310100 11110 01011030 hans 1101101. - 31. 11111. 1110101111011-11000110001,110000
101111 S. 168.

’4861 11111. 11. 10111110111011011011, 10000110101110138101, 01 11010110 013 1. Augusti.

001 1011311100 01101 00100 1101113101, 0001111110- 0311001011000100 1 1000111010 01110

11111110100 03 1101010100. -- 100100101010001, primo die Augusti. 0001011. 1111011111,
Π10110111301010. 11. 25—26.

’4861 1110011111εο03 11111111 1101101111 1001101011.11.11., 01 10 ikke 111000 1. 1100111.
100101101100100 11010 111 110100, 101001 1100300 00010110111110110110 100-1101011111, ,
ken 101010 103 Augusti. 11011011, 11101. 1111110011. 2. 11. 1. 13109.

’4868 1000100000000101 Ηο1100 111011110 Μο3000 6111000110100 001 1110111103οη 2. Augusti.
01610101 010000 (1001110110 0310011010, 0111103000 11101110 1. 1103110110 01 11111001 100
Aa. - D. 30. Juli. 1110101111.111101.1110011.5.11. V. 368-369.

’4864 111011. 1010101110111100 011011111νο 010110030ῃο 11111010011101- 01030011.
111111011 111., 101111 110100 01 111. - (1601001000), 3. August. 11011110, 11101. 1111000110. n. 1140.

14865.Ι 110100111111111111100 81111οΙ00 1. 11011. August 0160011000, 111011 han 1001- 1111130111.
10101 ham, 01 hans 600001101010101010 110110010011000611101 01 11. 111110 8111101οο 01
111011, 01 11111100 han dog 111 sende 00 1110111111 11111. 0110100 03 110010011 00101 111
1111001.- 1110051113. (Tydsk.) 1101011111031111.111011111.1100110110600011126-21.

’4866 k. 111111 1111130 11101 111 100 menige Μο01 1 8111001001 03 10010130110111, 01030111,
111111101 han 010110101, 01 charles de Mornay 1101 010001 1011000110 03 11010301 1010 00
11101001 110 60010011 01 400 10300 101010 0101 11101, 111 03 Korn, 11101101 10 11010
001101110110 013111103013100. - 1101100110, 1. 6. Augusti. (8100011.) 1111. 1011101001,
1010010101ῑο hist. Vll. 69, 1001. 1.

*4861 1111011 11. 0181100100 1110111101 1110010110, 011100 1110111 blande 013 1 6. Augusti.

111300 01011010 1100100111 03 810113 0100 1101001000 11001. - nadad, 1 6. 10 030010.
(80111011.) 110100, 100 pap. 11101111 6011. 10 6100101101111. 22⁴.

*4868. 1101110οΙ 60111011101101 111110011001111311110, 1 11111101 1100 1101103111, γ, Augusti,
01101101 ikke 01 11101011 00011 111 Νο1100; man 11110 31000010 ham 110110 11010 10001
8011110100 01 vide 001 31000001 610100 01 801101110130 Breve. - 110 1111011000, 00
7. d'aust. (Fransk.) 110100, 100 pap. 1110110 card. 10 6100101101111,236

*4869. 11. 110111 xlv. tilskriver 61101100 10 Μο1001, 01 han 1101 1010011οῑ 010 110- 1, Augusu.
11011103 01 300 1001 11101011 111 1001100103 03 1111101000 013 0101 1101001, 1000 1100 1101
11010110 10000 110110 101 01 31010 01 1011οΙ1 1 1101103 110 11011001 01. - 11111110, 1.
1111311111. 18101101.) 1111, l 811100101,101010101011011101. 111. 611-61.

’4876 1111111. 1110111101 11301. 03 11001 1 1101100101, 01 Daniel! 11001100 1101 8. Augusti.
1000161110 111 01 1010 100 Μο110100101 0110110, 001001031110310011101010101 111101. -
flamia, 8. Augusti. 0110110, 010. 11110011 01040-01.

1010101111. ser. 11. 52

 

