31. 1161111.

1. 1611116.

’·6. 1611111.

7. Aprilis.

17. Aprilis.

7. 11111.

*9841 711666 11111166 11161111 1161111111161 1661161113, 111611 1161 6116161, 61
16166161 1161 116111 11361166161616161 16661166 1111111611116 161 1163 111 ham, og 61·
116161 611, 61 161 61 ham til de 6136 16611661113616 11616361 1616116116 1661 666
10‚000 Dlr.‚ som 1161 1161 16161 666136 161 11616 (11636) 111116, 1161 hvis Β6161113 61

1631611161,1166111116 11116361161611.-κ Praq, 111116. 1161611 111611,111111611.1.111611611-
11613166116 (161611. xxxiv. 188-90.

9843. 11661111. 11111611631161 863161611616 1 16116136 8631, athan 161
Μ636113 1161 6161116361 116 patronatus til 1111116136 111116 110111116661666116, 1111616111.
6. 1611611616 8161. - Hafniae, 2. April. 1161161,16611116161616618.77.

9844. 8116 8111661661, Professor, 6111616161 111 11611113 1116161161611 811-
161161 1636 Μ61661 116 816616, som 666 (11111 61 61116166 111611116161611, 6661111166
1161 61 1116161 161611161, 61 116111161116 1611611616116 1161163111, 111 6161661636166 1
detto. -'- Kiobenllaffn‚ d. 6. Aprilis, 11611111, 11111116. 11111.11161.,11111.631116168100-Μ1.

9845. M. 161181616111166111. 1111661161111611, episcopum 161616166116361,

11 cum parente 111. vincentii 8131611111 16 616 alieno filii solvendo agat. - 1111 Museo meo,
’1. April. 11111111. 61111161. 1, 611,

19846. D. 11661166 Τ11661111166, 1. 6., 611163111111616 161. scribit de 661-
suetudine 616 661 Musis, de comitiis Germanis 61 16 1636 Persarum, fratri 6116 operam
61611 6611166111, 61 ab 66 catellum 1616116111 66111. - Rasum, 1716111. 1111111. 1 111131.
1611 16611116 66161116 S. 95-97.

’9847 111161611611161, 11611611 61 161161 Μ61161 1. 1611613111 63 6 61116 161616
1161611111, 111166166116166 611111661161 1611618111111336611 63 1111611111. 4 1411611.
86111. 1161611111. 63166. lx. 48-56. ’

9848. 1161111161618116111611611 1116111161 ’1116111616661 63 nertin 11616661,
8111611616 66616116 8161, 1 1111611113 61 1161616161166 16111113 666 ’1611111161 1 1161611,
61 16 616116 1616 161, 1616661111 16 bo under 1161116116 111616 63 616· [16116116 111366
11161661116163 ikke have Fremmedes Gods 61 handle 1161; 16111161 611116 616161 1161616

661 Η616161616 give 166166. - 1111116, 11161 14. Maji. 181616111161161161,116111.1661111116
’ 111111161161. 61161161111.’6ΤΙ1Ι.13·2-31 ’

*9849 8111116166 111161 1161616 (16661111Ν61611611616 1611111111, 1161611611.
61 86611616 Plan at sende Krigsskibe 111 1161616661 1161 11116361 K. 61 11611611, hvis
1161616 1111631 811161 61, 11631. - 2. luni. (Fransk.) ssrudst. 1 11166116, 1161611111 en
1116166 S. 72.

*9850. 11661611111111611, Professor ved 11111116. 1111616111, 6116116161186366111113
111 [1111616116161 61161 611 1161 116111116161113 61 56661161 til 11666 11116. - (9. 116111
11611611, 11111111. 1111611161, 11161. 63 Breve S. 502.

*9851. Kjendelse 6111611616163161 Hans 1111661661 661111 81611611111666 1
11613666 1161161 1 61 Sag 1161161 Peter 81111661 1 1616161111 63 161611161161661 6116116,
661 1161 1611611161 161 1616116111661161161, 11616161161618111661 16116111661661
6161 11616336 613 63 Sine 161161166116 11611161. - 11111111. 1116116161.) 8161611666.
1. 11161111. 6. 111111-11661116 1. 1161663116116 861166113111124-26.

*9852 11. 11116111. 11616161 1161111611 11616 at 6116116116 36136116 1 11161161
orn, 61161361 116161, 618161661611161116166611611116116138161, Μ. 01116166, 161161 111
61 11616 16166 8631661161. - 11611116, 7. 16111. Ny 1111161111. 6111. 1. 91.

 

