36 1010 (1010111111 0111 101011.

—-—---· —- - -------.--—.-....—.——----———- -

regis ex 0110101 01001105 0101110 01 10 1030010 111010 adducta esset. — 10 10010 nostra

6101110101, 1110111111. Decembris. 10111010101111 601010011011. 111. 132-33. 111110110311100101,
&mam
1³ *409. K. (100. 111.’5 Brev, 0111101οη 0311011000 1 S. 1100115 111. 1 0110010 510110

101 11003005 11005 Skyld unde Hans 11115, 11310. 51051110, 00310 0111105110101011101101
1011151111. 00110001101001109. y

*410. K. Can. 111.’5 Β101, 01 6111511010 10101500, Prior i 81100115 111051011
0110050, 51111110 1111131010 den 11οο11011, som Μο5101 101300 1801101101 03 1010 31011101
110011010 010 00 1050005101. 1111. 1 11001011031119-10.

*411. 11. (1110. 111.’5Β1011111110100 i S. Knuds 111. 1 0110050 1101010103οΐ 11.
1013005 (8011011051 111030 0101, 01 1001000 der 11110511011110 10110110 513 0110110030οε
ordinans. Udt. 1 1100510 1103. 11. 70.

*412 11. 6111111135 11101 111 Prioren 1 8. 11011115 111. 10110050, 1111011011 1010105,

01 11001000 110110 10110 110105 11001 1010 03 ikke 10110 1030 1101051110ηο 5001 111 1010.
11111. 1 11011510 1103. 11. 70. ’

*4111 1001110 11511 Ν1115001110 1 Μο110301 111. 1111001101 510 11101101 1111510101
11050011οη10 010310 1010110 6101011110, 110105 5111101015 8001111050011001101 10110010.
11111. 1 [1005101103. 111165.

*414 8110101110 31010 1011051101 101111101300111 1 Vejrup 8030. 1111. 11100110
Μ’ 2. 1111441130115111111 8110 1 1101111110 1 110011001013 11151001 01 5131110 1101000 10055-
100 1 110051013 35 rh. Gld. 10101110 end 6 81. (1101131111.) 80110110, 0101000101. 11005-
bom. ¹¹· 2ἕ4916. Ηο11. 0110001005 1111101103, 11011 100 1111111101 1100101001011311011011011

1010101131011111110110 1101 0011 1101101 111100050111013 1111110110 10110011 10011001 11. Chr. 111.

03 det 1011001111111510 1011111111. 1111151.) 1110111. 031111.1110111,1110010.111300 1011000010
111. 566-61.
*411 81111111 110111151011105 811110150, 11011 100 00110101 01001100051011 1100

1100510 11113, 03 111110 110011011131101101 100 under 1100101111οΗ011.0111015100. (131151.)
1111101. 0311111. 1 waitz, 1011001 11. 1111300 10110010101111. 412, 169.

0. 1538.

*418 1105030103 110 8011011101011111010 111 1100300 001 803000105101005
1100110, 001 1111101005 1101001101, 001 11051001010101005 1050110150, 010 1011011103 01
8030010300005 11001, 10111301101110150 01 105011015301150103111530 med 11101510110100511101-
30118 og GildegodS. 1030151011. 1010111001οε 01 Catholici S. 189-91. Ny 1111011111. 811101. 11. 701-702.

*419. 110100101110 110110, 5010 01101 06101005 11111 101011101011101100310 01

1101 1100 1111101111010 1 111110, 50011 0111150103 010 1100101001111150, (101310110501801101.
1101111101, 1111105. 1111101 03 1110011110, 1111. 8. 209-10.

*420. Ν1015 1111001011, 113. 1 1101010, 110301 1111100300 0101, 01111. (110115 Prae·
1111001 11101511011005011) 03 1100005 800101 1010 10110301 1001 81151111 111 01101101011000
Hus under 1005101101, 01 1103 1101110 1110 1010100100110110131, 03 011100 i lang

Tid 01 110111 1010500001 03 11011101 1011010100 11110111310011 sin 11051111. 1001101103.
4. 11. 111. 339-45.

 

