580 1155515555555 555 15555.

Ante-1575. Ante 1515.

*69311 155551115555515555 1. 111535511 1551155155 55 (15551 1 153511115551131
8155 8535 111 Η5. Η555, 1555115551515. 1155155,11151.111115515.11446-11

*6931 1155155 11555 1115151555 155 1155115, 1151515155 111155, om en 151551511551
Johan Vinstirmandt. 115151 8115155555, 11515555 11. 111-18. ’

1515. . 1515.

1155515- *6938. 15555 1155555515555 55515155 1 151115 Ν555555555 1511153555 Ν515 155 f
¹⁰· ω· 155351135 8151151155 53 1151115555 (i 8155113 53 1151515111 om 5113151315 1555 111 15555151
5115515115 15555555, 1111155 1155151 1 115551553 155151155 dem i 11551511 111 5115515515515

51 Numen 1555555. -111551151551 (1151131511 1151155,ι 551. (151111 51515135155155551
7. sanun. S. 36 3716939. 1115113511515115311111351.53115511015555,51155355558555551115

515115 51155155 11553555151111355, 1155 15 515 15115. -811551551553, 1. 1. 155. 11111
1515181555555,11115.1. 015555 11355 11151, 11, 2. 8 111.
12. 155555. 3042. 15113151555515. t. 1511553 1511515151. 1515111155 1848 S. 4.

12155555. *6949 11. 15. 11. 3115511. 155355 1155155555, 85355151. 1 15515115 81111, 6115.

Β33 53 4115. 1153 51115551155155 5115555513 8. som 1551515153 155 155 113111, 155
155 5151153 51151 nu 55115315 53 [5511515155 Sogn 15555515 1135115553) 8. - 811515151-
1553, 1. 12. 15555511. 1115151151. 85551. 11. 11. 111. 419-211.

12155555. *6941 11. 15. 11. 1115151155 Μ. 1555 8515515555, Ηο551151515551.11511553, 5111.
1553551155155555, 85555151. 1115515115 81111, 5151 511535 51 115551151515 115355551153 55
1151115355 111155535155 51 1511 S. 55151511. 5555115. 1515511515 Liberi. -8115551551553,
d. 12. dag Januarii. 1115151151. 85511. 3. 11111434-42.

15. sanum. ’6942 11. 15. 11. 11115155, 51155 55155515 Part 51815155 11511553, 5555 1111555
155 85151511, 15531155 111 51 Lectori 1155155155) 1 815151 155 151 355515 155151155 51 11.

Chr. 111. 1515511515 15551555, 53 515111155 155 815155. - 8155155153, 1. 12. 153 15555511.
1115151151. 85151. 3. 11. 111. 25.

22115515. ’6943 11. 15. 11. 15151551515511115 1. 8115515151 53 1155151185151155 111 11551111-

51553) 5155515 53 35555 115135551151515 1551 1 55 Μ5515513515553, 15115 15115 5151 155355

1155. - 8155155153 51511, 115551 111111. 153 Ianuarii. 1155555, 1115555. 11515. 11151, 51151. og
Breve S. 262.

23111511. *6941 cmm-:s 1155555 111515155511. 5115551513 om 55 155511515555555151551
5311551, 55155151151 11115155 53 11531551, 515 1115551515355 5155151315113 11515 53
115515 15151 815513, om 51 85515151 1551515555 510555155 111 155 155515 115535, m. m.
- 11551515, 55 23. jour 15 1551155. 11555511 115511. ror. 51551. 11151. 111. 3-10.

23. Januar. *6941 emus 1155555 15155 [1555515355 51 15551513 om 115155515115155 1515115535,
15551155 1115 5151 1515 155 11315155, 155 53155 1 1155151551. - Hamus, ce 23. jour 15
1551155. 1155551.) 1155111151. 5155111151. 111. 111-12.

2811111111· 3079. 1135553), 11151-1151, 811115. 51 11151. 1 115515. 53 115535 111, l. S. 69-10.

29. Janunr. *6941 (1555555 1155155 1115151155 11. 5115551513, 51 1115. 115551 5555515 1153 55
5155351 1551111115. 111 815513, 55511 31155 1155355 55 11555115515111 51155 5155515 115535-
51531. -115315515355, 55 29.3’555153“551155. 1155551.) 1155511555. 51551. 11151111. 13-18

 

