, 10110 11151511 5111 Apoll. 475

5657. 1111115111111101 1111151511111 10555551 10155515515551 515555155511 1511511115

110100000115151, 101 1111115 515 111 35151 11101355 1011105305. - (1055510355),
15. April. (Tydsk.) 11515. 05551 l 11515551,11111111115511.2. ll. 1596-97.

5658. 11111110 111151 1. 151555 55115501, 1111. Fr. ll. 1151 3115111551 1315551 1 15110111·
1111535115 03 Len 101 11551555111555 Sum, 101 11111155 555 1513155111101351 101
1101131111. - (Frederilrlory), 15. April. 1115551 1111115151, illst. 11155511. 1. 11. Ι. 597.

5659. ll. 11. 11.’5 11151 111 Daniel 11551101 03 55 135510 5515555555, 111011 16. Aprilis.
115 01115151 513 1555 111 51551515 5515 555 111513551555155 sold, 5155 553101115510110

15115555 8015 111 dem, 11115. - 1555055513, 5. 16. Aprilis. (Tydsk.) 11111151, 11111.
1111101119. 11. l. 597-600.
5660. Mrem 1111111115 invitatio 55 150110555 theologicas in gymnasio Luniensi 16. 111101·

11151515.-1111.111.Μ53·55. 1155,5115115101551155515.5505-103. ,

5661. 1055111511550111151111511555111105505,111155 med 50111151151515 skal 16. Aprilis.
sende 5151 551055355155 0151 115 501515, 1555555150551 03 11511510 105351. - 16. Aprilis,

15111151.) 111551. 101. 811115. hist. lll. 100-101.
³ 5662. 1111. 11. 1015355111511 Wilierlt 51 31515 155151 3151155555 110511551511 20110111
11511105 1 11155 1111511155 553. 50351 0055 5555111515013. — 1155505553, 15515 ¹

1 111. Aprilis 11015151, 11111. 1111115111. 2. 11. 1601.

’.5665 11111. 11. 5511151 0551011 11551101 51 5551515 51 11115 11515315 5530551 26 Aprilis.

p 11015 5151505515 1050515115 1 1511115115-1011105055013, d. 26. Aprilis. 1115511
, 11110151,11151.111110511.2.11.1. 601- 2.

5664. ll. 11. 1135 11101 1111011551 11115 03 10551015, 111011 555 511515515151 3111511111.

. 11011 10155151511113155 555 55 5155510 81155 11515013 035515151551115150135101, 11
15111115551 5155 115 1515511135 0555551535 1 8111111555 55151315 1115551 1111111351 51115 51-

15153555. - 1105505553, 111555 00. 553 Aprilis. 11010115,11111.111115111.5.111601-5
5665. 1111111. 50551 1055511115 om 51 1011115515 1555 Μ. 11555 81551113, 0535 30. Aprilis.
1111501105111115, 51 555 55105551 111 55515115 551 8111, 555 55511115 551 5115151505

’ 1081555155851511551111151.-11. 30. April. 11515115111510115511115.1111510.03110135’1.89.

5666. 1011151 0151 lan 155 11055555 1101051015155551 11135551 1 151555153 51 30151115.

1 01011315551551111150110,51011 1155 01115151, 11 Horren 51 1110501055 55155 01115151 51

51151111355105515510110105551511μ-οΗ1111111511115.1501155551.) 11101111 Aristar.
0010015011. 15 01150111 3 55115 xlv. 11513. S. 240- 55.
5661. 111511. 55501151151115515111511101 051, 5111151115111155151555 03 00013 1 1110-

1111115515 11311515 5111115 15355 ι 115 5111151115 115555 03100511111001 r Resurget, 03 5515151
ham 51 55130 101, 51 1151531050 51115 555515 115 811555 5510151. - 1550505553, d.

3 l. Maji. (Tydsk.) 11515115,11151.111155511.2.11. 111011-604.

, 5668. ll. 15. ll. 5515151 111511 5100155555 1. 0151551105 03 111515 11555 t. 1111511
8150535515 51 055515535 Slibshsredsmand Arild 0155555 10111015, 1151 55115355 151 51

' 5115 113351 1511 0151511155 03 551351101 515 5305101551; hvis 50155555 1131131, 5151555

51551555 03 01155 (151511511155551155 1 1155581511 med 01515 111 51101515510111155135150

7 111111 51 33515 55 1115515 81555. - 5555050535, 155555 111. 553 Mai. 1151115, 11151.
l 55111510.

5669. 1111111. 5511151 Danieli 5151101111555 1015510 11515551151555 0511510051 3. 11111·
11151, 551 5051111555 1011111110 10110551 50315 1155315 111 5155355 51 1155103511 1555 11511535

’ 10151511555153.- 1555055013, 5. 3. Maji. 1115511 11511111,15011115115111105.

60·

 

