Κο111 1111111111 1111 1411111. , 363

1 .
*4299. 011131111111111111111111111)1111113111111111111311, 1111111311 561
1111111131111111. (Tydsk.) 8111111111, 11111111 111. Ν. 11111266.

’4300 11111311111 1111 111 11111111, 1111Κ. 11 1111111111 111 sende til 11111111
101111. 1Τ11111.) 511111111111111111 11. F. 111. 111-14.

0. 1561. 11111.

*4301. Ordinatio ministerii 1111111111111 11 11311 1111111. 1111111. 13611. 1111111111·
1111. 811111. 11. 221-3011111 1111111 som 111).

1562. 1111.

’4301 Κ. 11. 11. 1111111113111111118111111111111111 i 01111111, 11 11111011 1111 1. 111111.
11311 11111111311 1111311 her 1111311, 11111 1111 11131111111 1 1111111. 13 111111111

111011111111111111111111311, 11 11 111 3111 13 1111131. -11111111111, Ν311111113.

11111111, 1111111. 0111. 11111, 11111. og Breve S. 181-82. 1111111.1111111111,11111111111111318008.17-18.
1111. 111111 i Pontoppidan, 111. 1111. Dan. 111. 382.

’4303Ι 1111 11111111 11111111111111. 111111 111111111, 11 1111111131111, som 2. 11111111.
111111 113 Κ. 11 1111111111 811111. paa 1111, har 1111131111111111111, at 11 51111111 111-
11111 113 11111 8111111113 8111111011, 11 1111111111111111 Κ. 1111111111. -11111111,
1111111121111111111. (Svensk.) 8111111111111111111. 1111111248-50.

’4304 Κ. 111. 11. 11111111 11111 111111, 1111111 111111 13 Superint. M. 11111111- 1111111.
11111111111111111113. 11 Κ1131 111111 01111111, 1111111. p. Solte, 1111111111 11131 1
Spjellerup 111 11311 11111111131111111, 11111 111111 1111131 111 11111111 1111 111. 1111, 111111
i Egede. - 4. 1111111111. 11111111, 11111111. 11111. 11111.,111111. 13 Breve S. 183.

’4303 Κ1111. 1111 11 81111111, 111 1111 1 Sinde 111111 111111 111 11311 011 1111111.
3111 1111111111, heder Dr. Cornelius von der 11111111 111 11 1111311 111111 1111 11311
11111111.-5.111. (Tydsk.) Weber, 1111 0111111101 11 81111111 S. 446.

’4303 011111111111111 11111111 1111111111111111111111111, 1111111 8111111111 ville 5111111
1111111111 med 11111 111 hans 11111111 111111111111. - 11131, 111511111111111 111 1111111.
1111111.) 8111111111, 1111111111. 11. F. 111. 267-68.

’4301 Κ. 11. 11. 11111111 1111111 111111111111111 1111181111111 11111 1111131111 6. 111111.
sig 111 11111111. - 1111111113, 6. 11111111. 11111. 111111 11111, 13111. 1111. 111.

’4308Ι 1111111111 1111111111 11111 111 Η1. 1113111 0111111111111 1. 811111111111 113. 3, Januar.
111111 1111111111 med Η1.1,1131111311 13 1111111111111 Sag. - 1111131111, 11111131
11111Κ111131113. 1111111113.1.111.313-14. ·

4309. Κ. 11111. 11111111 111311 111111. 11. 11 11111 111 81111 1111 11111111. 8111 11111111.
1. 15. 111. - 1111111119, 1. 11. Jan. 1111. 1 111111111111111,1111111111111111.111.

’4310 Κ. 11.11.11111111111113331111111111, 111111311113111111111111111, ’11. 111111.
athan har 1111111 Bud 111 111111131 11111131 1111111 811111 11111111111131 111 11111-

111111113 1131 11111111. - Frederz'cksborq 1111, 1. 12. 11111111. 111111,11111111111111111111
111. , - ,
Μᾚῗῗ 11111. 1111111111 heder Κ. 11. 11. om 11 111111111 mels Kapitels 13 15. 1111111.

111111111111111113111. - 1111111111, 1. 15. 111111111. 113111.) 111111111111111111. 111.
11. 209-ῗο

46’

 

