11010 10101101 0111 1110111. 307

1559.
*3602 K. 10. 11. 1111111101 Claus 110111010, 11 00 500 111101, 1110 01111101111. 10. narni.

110110 011110101011101, maa 111110 11110000 1101 00000111 11010 013. - 11011101, then X. 013
Martii. 1110011. 1 1110-1111001100, 1101101111100 S. 161.

’3603 11. (1011111. 1111111101 Clas 001111011100 Horn bl. 1., 1100010110 33110 151111111-

810113 10010 81100 000 0001, 111113 med Hensyn 11111003οη1 000113101103. - Wadz·
11000, 15. Martii. (Svensk.) 1111101100,111001.1111110110010111101111042-14.

*3604 11. 111. 11. 31101 0110 1100 1113011101 111 1111000100 111 11003001 011101 11. Martii·
Odense. — 1101101111, d. 17. 1110111. 11111.110001810100110110001001101.

13605. 00011111.111111101111111101110101010100(001011011001011, 11 1110 100 1111111111.
011101 11030 11111) 001 Hjaelp 111 11100111. - 1101100011, d. 1111111. 1111101. 1130111.)
81011100, 1111111110. 11. 1. 111. 131-35.

’3606 11. 11111. 311011111111001013011101 111 30000100 111 1111131110. - 1101- 18. 1111111.
1111111, d. 18. MartS. 1110011.111000181000100,1100110011.63-64.

’3601 1001011011 1111111101 Will. Cecil 1111, 1111011. August 1151011100 01 1111111111

11111 111 1110011111 111 1110010300. -— 18. March. 1110301111.) 1111. 1 5111111101. For. ser.
1556-59 S. 119.

*3608¹ 101101010011110001011100111101111111100οο110 0111100000001011010311 10111101,

1111001001, dignam, quae a multis legatur, 1111111-101111111 01011111. 111110111010111 11101
111. S. 359. 60100100101011101001111.777.

13609. 1111011 1 01100101 03 1101111110 110001 0111101101 1. 0000000100 11111110 1111111111.

11. 01 1110101111 811011110110 01100101 1110103101, 11111001010001100110100 1111111110001
1111100300-11011011,10001110111010. 1130111.) 11111101,1111111010. 11,1.11.01-03.

*3610 0110 11011 10 Vynn heder 111. 11113001 00100011010 01013110 10011310 19-1111111Ι
11101 111 111100111111110003111011100 111 6111101101 11100011110100. —- 11011011, 1000. Pal-
1001001. 11311111.) 801111100,Α10011110. N. F. 11. 54.

’3611 1111111 81101000 1101110011 11111100 11110011110111 11011010 11 1130 11. 11 ⁴20. 1111111.
1101001111 110113110110 000 8101131 03101001. -1110001, 0. 20. 11111111. 113011.) 0101110111,
1111010 u. 11111. 11. 255.

*3612 11. 1011310101, 11 1110 har 11011101 101300 11110 (1111011010101110. - 21. 111011.
1101110111, (l. 21. Μ11111. 1101. 1110001 81000100,1100110011.43.

13613. 11. (101111 1. 110001 Hert. 101110 010 11 1111110 113 11000110ῑηί03 010 00 w. Martii.
11101101 10111010 111 110111, om 00101 00001010011030110001111000111 0101, 03 001 001111
11011100 11311000 0101110 0011000111). - 1100111000, 21. 11111111. 18100111.) 1111111100,

111001. 1111 11011001 11111001 111. 344-19.

3614. 111. 1111110101 1011111111 1110000101 11011. 101110 11 1101100, 11 001111000111114111101.
11000111110100 111 rejse 1011100111 for at 111011011111130011111111100, 11101 1110 skal
1111οΒ11100 1111100 011 siges, 111101101ηο 03 0011101110 1101100101 1011110010 010 11
11110 01130 11010 011011101000100 111 Ν1111. - 11000 Datum. (Tydsk.) 11011111,111011111.

11. 11. 111. 131-33.

’3615 11111001 11111110, 3111001001, 000011111011111.11010110810111100100 2111111111.

11011. 110011 om Ditmarsken; 110110300 101111101 113, 1010 0101110 1110 1111 0111101100301

103 mod 0001. - 0001110103, am heylligen 011011130. 11301111 111111,1111110013.1113.
111. 697-98.

3,.

 

