15115 1111155511 5511 55551. 449

15611.
’5332 15555 1151511555 1555115151 Κ. 11111111, 51 8131551 den 151155 er 111-111111ῑί1·
1511 5151111155, 53 51 555531515155511115115555 8151 den 24115; 115 551515 Β5511511
155515515 5151151513 111 1551115155, som volde Svenskerne 55 1151 11135511, 53 85115155 ¹

Munk vil 1515155513151181555555115. —- 111155 115155. 18155511 1111. 1 11111, 115551. 1111,
2. 8. 111-52.

5333. 115155 Κ155555 1115111151 Κ. 9111111, 5155315 5115555 1. 8555155 Κ55315 1151111151-

5515 15151111151153 53 5151155111 11551555. - [1555115155. 18155511 1111.111111.115511.
1111, 2. S. 44.

*5334 Κ. 115111 1111. 1115111151 15555 813355555, 5115351 5151155135 51 511551 21. Martii.
paa Grund 511155 5551511135 Α5151111; 555 555551, 51 15315551 1155115555 5151 515115 81151
1 Nordmaendene, 53 5551151 ham 1151151 5115115515ῑί55 111 1555133555 1 1155551555 Len.
- 8155111515, 21. Mars. 18155511 55155, 11151 namn. 1111, 5. s. 55-55, 115.

*5335 Κ. 11551111. 5515151815515 81515 55111351 155113 51 515115 81115 111 151· 2111111·
berg 53 1115151115115 513 1 55355 Κ5511 5151111·55115155; 555 51115151 sin 1151515 5151, 51
11151 8155155 855 51515 51 1115351 ind 155135 mod 8511515111551, 5355555151, 51555 1151

5515151555 51511515151155115 1115535 111 1151155 1511 115555. -81551515151, 21. Μ515. 18155511
11151151. 111151. 11115111. 1111, 2. S. 39, 5551.

5336. Κ. 1151111111. 5551511151 111. 111515 81515 53 Η1. 111155 (1551515555, 51 115 211111·

5515 5531151Β5151115355 51115555 53 515 1511155355 1 115135, 53 5515151 dem ajeblikkelig

51 155115 1115535 111 115151553555155 151 115555. - 8155115555, 11. 21. 11515. 1815551.)
1155111. 151. 815511. 11151. 11. 91-98,

—n———fi——u

’5331 111555 655151555555511151 111 Κ. 11111 111, 51511555 51151351 om, 5151111524-11151·

555 5151 31515 med 115 3551151, som handle med de Danske. *. 1111511 1151515. 18155511
11111. 11151 1155111. 1111, 2. 8. 50.

’5333 Κ. 15. 11. 1115111151 Daniel Rantzow, 51 555 1 5515115153 51 (15115113551151, 2111111-

der 5515 1551151 8151151551111155115155, 5515515151 111155 11551151515513515115515 Κ55-

355511515553111511111511551. - 5155155553, d. 24. Martii. (1311511 nomam, 11111.
11155511. 2. 11. 1. 523-24.

*5339 11151155 5555511555, Ρ151111551 [155 1151151555151, 1115111151 115 31131115 55, 1115111.
Gnye om 51 Μ5111, der 51 5151 1 1115511511, 53 5551151 555115 51811111 51111. lohannes,
Bispen 1815115511, 515, 5151151155 man 51515555 1 denne 1511135 1111, m. 15. — 11511515-
holm, XXV. dag Martii, uden 1151. 111 111155151. 85511. 111. 571-19.

2380. 11151151. 1 155. 151 nord. 01111. 1859 8. 279-80. 28. 1151111,

’5345 155115 055 1. (5555115151, 1555515115 t. 1155555351, 1515551111111551. 28. Martii.
Κο11511515315555Μ5511 t. Estvadgaard 511151515111111 151 1 55555151) 1511115 5111515
»1115511 1155151151, 151111 555 551115.15351511515, som 5511111355 115115 Κ1153155115. -
—- Kjob. slot, d. 28. Mart& 15115181555555,11511515511.53-51. '

*5341 11555 1. 855155 15511151 Κ. 11111111, 51 555 d. 19. 1115115 551 11151151 18115111.
155151 5511511 1 11151153, 5. m. - 28. 5151111. (815551.) 11111. 1 11151, 111511, 1111, 2. s. 62.

*5342 Κ. 15. 11. 551151151151 11551151 111115151551, 51555 551 555111 11511111511 53 291111111-
(11555115511511 1111135 med 8511515155 Elias 1155555131 som sine 11515155531135115 med

nogle Rverv til 8111111111. - 5555555955, (29. 511111.) 11111811.) 11111. 1 zeitschr. 1. 855155115151-
155555. (15555. 1111, 1151151151. S, 15.

angen„ uu. 11. ser. 11. 57

 

