1551.
1. 1161111.

post
8. Martii.

9. 1161111.
9. 1161111.

9. 1161111.

9. Martii.

10. Martii.

12. 1161111.

186 Κ61601161611111 1111 1116616. ,

2190. 1616166116 161161 1613611 (111166611616 om 61 lade 6166 16361161 111116
1666 011116 11661, 116 11611 616 8 0636 631616116116 6166 11166 6611116. - 161661, 1611116111.
1. 161616. 0611616 1163. 5. 11. 1. 258.

915 66 *2198-
916. 6611. Studien 11111111. 488-92.

911. eorpus 161616161616111 Vll. 151-52 (1111361661 6111163, 66111 61861661661161 61166661 1611
61 11161 61 22. 1611. 15131.

2191. 11. 01111111. 1616161166661111111666 666 1111611166 61 sende 66 061 16111616-
61111161 111 116661613111116113666 111113. - 1161116113, 16116 2. 161616. 1111. 1661661111, 111116-
6161111. 1116661613. 11. 190.

2192. 1111161166 11111 11666611, Biskop 618166113, 1611661161 1616611 166 11611611,
1166611611 1 Η666111, som 611613161 Μ611131161166 1161661611 86311 1 1116161611, 111 111661
66161116. - 8111616131, mand. 6. dem 66611636 3616166 161616. 1161111161.) 1161666161.
1166661661. 116611161161111. 180-81.

2193. Β116166Ε11116111166116, 161161111611 1161161613, 111116161 666166366616366
Peter 861661661, Byskriver smstds.‚ 161 516 Mk. lybsk, der med 2411111, som 616 161-
6116166 111 8.Ν1116161 11111166 1166611661, 6113161116 9161611611 161 1161611550. - 1166111613,
mand. n. Letare. (Plattydsk.) 861116116011116616161.1161161613.11489.

2194. 11. Can. 111. 16161611166116 Β166116111111666 61 6611116 116 Ν11613 111 11666-
1613 66 1161 Vin, som 1161166 666Ν11613 8161, 6661166316 161661661111161. - 1161616131,
111611. p. dominicam Letare. 1111166166116, Dlplomatar. 1166111613. 11. 490.

2195. Hert. 8116 618166113 63 11616166 1611161 1116616166 1 66 Sag 11160661
(1616611166, Bg. i Flenshorg, 63 1161116 11666666 663. 66361 1611163616 1 8616116161,
12 8661166161 61111116 6131616 Stridon under Appel til 1161111366 666 den 1616616666116
1161811631Τ61111111. - 1111116111, (161111111111110111. (Plattydsk.) 86111611111116161116161.1116661613.
11. 491-92.

2196. 1161111116 01111166 161161 161366 01111666116166 6611611116, 61 1611 661166

. ikke har 161611 de Ρ61136, han 1611666161116111. - Sandaqer‚ S. 6163616163. 1161 1

06116116 1163. 5. 11. 1. 259.

2191. 11116166 16111116 9611111111 Iohanni 11166616 11616, 16 quibus de reditu

suo in patriam 616116 de ordinatione 6661661661166 666 1661111111. - 816116, 13. Μ61111.
1161116111, 11161 1111166111. 211. 11. 614-11.

2198 (= 9151. 1161661611 Lflrd. p. dom. 1611311116. 1111616, 116666111616 1116116361·

, 1551-11 S. 22.

21. 1161111.

21. 1161111.

2199. 11. Gan. 111. 616161 Μ6111166616166 1116661613 (1661311661 6661611616-
66361113 616 1611136166 61 6111 1166160163, 6111611 161616113 skal 16161636 6166 161161616361
6661 11111111. - 1166616191, deun XVII. Marcii. 11306111 6611161111111616116161.1161161613.11.4112.

Ι2200. Η611. 111116 1161611113 111 11116166 om 61 6161161116 11611 161 16161113 63
11616161611111161 6116161116 1160131163661161116163. - mern, 666661. 6. 11111166. 11111611.)
1111161161. 86611. 3. 11. 1. 85-86,

2201. 11611. 111116 61 8166113 63 1161616616111611161166661161119661111616611 61
161 111166 63 S. Nikolai 11161161 1 11111161 111116. - 1116116111, 6666666616 n. 11111166.
(Tydsk.) 86116116, 01616616161. 1111661613. 11. 988-89

 

