1666 (16616166 666 166616. 165

-—-—..—-. -—--———-—.——-....—-- .—.-.-————- —..-—-.-—

1548.

t. 11136111 63 Μ61316116 16661161161663. 111616 (16611163 06116, som 111116166166 1166 611161-
6161616-061166161161666, 111611. 6. 6. 1611666 dag. 6111616661.6611631813-15.

*1951. 1).166666616666616611611116111116116111.6161611616116161111116116166, 11.1)echr.
616 1111616366 611611616 81111161, 61611613611616116111616116161611.1636616663116
1166611616. — thenberq, 1106661611. 11111611 6666666661, cel. 1116661 611616, Ι. 114-15.
666. suumn 161111111166-14.1

’1951 11611166 63 16616666666 ved 166166. 0611666661 666116 166366 1161161616 16· flecht.
Α11 61116161616161161666 6661116111 116163111116166 63 1611611616 6661661 61 6161111616,
1111116 1616611163611166 666161 1616111366 11611. - 6636666366, 11661111. 163 Decembris.
(Tydsk.) Ny 1111611161. Sami. 1. 121-23.

*1953 Hert. 16666 618166113 63161616616116661616116161166166 1. 16616111 211916111·

med 1116616116 816163166. — 66116111, 61661. n. d. 11611. (1111611636. 1116111161.) Jahrb.
1. d. 16611661. d. 1161663111. Χ. 183-85.

785. 1161161111. 1116116161), 1111116361 S. 24 63 30. 28. 116611.
787. 1116161), 11161. 111611. 616 11116 (16116116161616 1, 1. S. 47-49.

’1951 016166616661166116161161616666666161161116611116, 161113 0616166
63 S. 111616111116 616 1161 16116111, 111611 116111116 6161116 11111636111111311161661611
den 61611116366111 61166 16111166 66611 111 1166 616116116113681616166161116611116-
gaard. — Klabenkaffn. 1161111161, 11111166. 0611. 11161, 11161. 63 Breve S. 136.

·1955. 16316161 6161 0116666 S. 166116 11661616116611661616 63 11616 111166161-
breve. Vedel 8161666611, 111111. 1. 0116666 11166 11161. 11, 2. S. 50-68.

’1951 161163116166 6161 66 061 361611136 1666116161 1 0616 63 16666616 stin,
6661 116116166611 63 661116 11666 81111611Μ61166,·Η1. 116116 1116616666, 111. 11616 1111116
63 1111611 166166116611111616 16361111 sig. 611161616166116311864.

1549· ⁵ 1549.

*1957. 166166 11661116, 11611611. 1 1166611613, 311611111161163 11111661161111666- 1166661.
11613 161 1166 3166666161116668611611611111166161116161161161666161161161611548111
1161611 61 600 Μ1. 111161. —- 1166111661, 6616 16111111. 6. deme 616616166 daghe. 11161-
tydsk.) 86116116, 0111666161. 1166611613. 11. 444.

*1958. 1166166 63 16616666666 ved 1661661111116661161 111611116166366, 61 7· sanum.
116 have 1661116361 hans 16161163, 111611611 der 1166163366 116166 1166616 1 Try 63116116
116116116111666113161, 6166 31616 1661111136 6166-6116616 1166, 61116116 6111161616111161-
1616116161611111163161, 1161311611616116661666666616111316161666111161666. - (Iopen-
haym, 111061.1).11·1111111631116. (Tydsk.) 1161116111, 11111166. 111111.11161.,11161. 63111616 S. 44-47.

*1959. 1. (166. 111616161616 11611666161161611111161. 811661161161661611161616 8. sanum.
11666 11111636 D. 161161 0611611666 66316 1111661161 16166 11616661, 1166 1161116 dediceret
63 11166611166366. - 1611631166 11611, 11611. n. e. 16111361166 16661636161163. naniam,
11111166. 111111. 11161, 11161. 63 Breve S. 47.

*1960 16616616 166111161611. 1166111 11. 6111661113, 61 saa vel 1611. August 61 11166111.
86611666 6661 1. 61 06661611 61366 61 11116 616116 613 1111136116 mod 16166166. - 11111661,
9. lan. 1116661.) 111161 11111 1 11161161, 1111616 u. 11166 z. 11666111. 16.]61111. 1, 190-91.

 

