644 Kone 1111616111 666· 111616.

l .
581 husk 1 1616161611 61, 61 han 66161 Fejdeu 1161 11116661116616166 1611111161 1 11666 (16611

11]·616616161611616166 8161, 6616 161 6661661 1166161116 6161 hele 111661. - 116161111-
1016, d. 13. Octobris, 8616111666611161. 11111. 158-59.

13. Octobr. ’7701 11. Fe. 11. 11616161 1611111 11166166166 61 sende 1166161 6116 1166166, 1161
116116 6111161161 616111611116 1616111161, 16111 16666 116116 16161 16116666 8161666 666
166661661 111 1166616666 666 616 6666116611. - 1161666166, 1. 13. October. 81611.
1666611161. vm. 160.

25. Octobr. *771111 cemes 1116611 1116111161 11. 61 11661116 6611111666 1 1111661. -16666-
16666, 66 25. 16616166. (1166611.) 116611.16161666116111.163-68.

96001011· *we K. 111. 11.’6 8111116166 111 116611111611661161,61161616111616 Η666 111116111
611611616ηά6 8166161666 1111611 61 6666116 6616116 med latinske 66166616 1616 11111666
AEre i 1111166 16116661166166, 11116 1611 66666 Vers 16161666161661161116166. - Fre·
6616166, 26. Octobris. 16166661. 6661111661. “ ’

16061611. *7711 11. 16. 11. 11616161 16111161116116616661611116116 616 6616 1166161161) 66,
111611111Μ611116 Podebusk 1161 16161 611616 11166 116 1611161166 6166 611161616161166
1161 6161116611 11666666116161166 111 61 11616 166166 666 1166611161. - 11611611ὴὸ616, 1.
26. Octobris». 861611. 11666 11161. 11111. 160-61.

27. octobr. *7711 11. 111. ΙΙ. 11616161 16116166 1 1161616661 61161 61 161616 1666 1116116 1.
1166161166 150 gl. 1111. 6116 16166666, 66661166 61 811116661866161,161166 1111111 1161

116111166166 666 11111166 161Μ661. - 1161611111616, 1170616161. 11616. 1111161161
teneasne.

. 27 661661. ’77111 11.111.11.’6Β616116611116116166 11161616661, 6116 6116 11166666, 666

16 861616616 116161161 61111666 11116 1161616 66666 66 11616166, 6116116 6611161116111161666
Β16116 111661611663006616161111. 111 61 116116 166166 6661161166 161Μ661. - Frede-
1111611616, d. 27. October. 1116161. 1 11116, 1666 1116116 S. 116.

28.'0c101›r. *7711 (16161εεῦ1611 1116111161 161611. 6111661116 6616111666 ved 1166·

16166 med 11661661 6161 161 hvide 1161. - 0666616616, 16211661106161116. 11166611
116611. 111. 81661. 11161. 111. 168-72.

6116161. *7711 1161661 1166611 111611116111611. August 6186611666, 618666166 6111116661
111 61616116116661611 1611611 1 111666616161166, 666 1661611661116666161 66 66616611

8661116661866161161Ν61611661666. - 11116111. 116161.) 61616611. 1 661611, 61661.
1161666166 1611666 06616111 1. 456.

16116161. ’1711 11. Fe. 11.’6 11611611116661616 6161111611116166 16111161) 6661666116116

Jensen. - 01161116,ν d. 10. November. 11166666, 81611. 61161116611161.11616116111,2.8.19-59.
1111. Ι 11116, 11111. 1. Korsote 11161. S. 29-30.

14. 11661. ’7717 11. 11111. 11616161 16161 6611666116166 t. 111161, Μ61611, 161666 116666-
116616 1. 1166661616, 161666 811611 1. Tjele 66 1116611116 1616116161. 116666161 61616166
1166 1 66 866 16611661 111. 111616 8161, 8666661661 1.·111616161, 66 1611116 11661166,11116

Tjener 1161 6161161161 66 1661616161 1166166. - 016616, 14. Novembris. 1111166161 6661.
3. 11. 1.517-19.

111661. *7711 11. 11111. 11161111611111161166661111611116 111. 66 166166, 866666166166

1111611116 6161 have 61 [11661161 666 1661166166681616661661. - ome, 1. 11161111.
1111. 1 161-1166661166, 1111666 1161161 S. 184.

 

