106 Kone 1111110011 0111110011.

1668. 03 1110111110 00 00100 1 810100 101 1111011οΙ 1111110101, 0001 00 har 1101οΙ103 3100 1101010010

11011 01100301 1013100101 010101111011010. - Fredertksbory, d. 111011. 1101110011 og 111000,
801111. 1. d. 1011010 110110100111101. 1. 208-200.

11111111. *6050 1111111111 11110111 ’0101111101 110011, 01 10311010 610110, 0001 011010101 101
810110100 1 00010011, har 0110101111 1101103, 0110 0101010 80010101 ikke maa 01000100

1100010011,1011010100011001011011010.-1101101011, 111013. (10301011 1111101010
1031010. 101.801.1566-688.500.

1110111. *6051 1110οΜ110011 11010111. Fr. 11. 010 01 1111010 110311. John Clerik 01 10300
. til 81011001 1 110Ιο10103 0100803, 11101001 1100 3101000113 111 101110111Ιο 0101 ham. -
8111001103,16..11113. (Latin.) 1111301103.11100103,Τ11111110310118.17.

11. 111111- 6052. 11100110 1111001111οα0 110111, 11101101 111101 10030 1. 11030101101010 10111103
3100 00301 11013010 1011111013 1101011110 01001100, 101111 110008100130111 03 11101 11131011
81011110, 0010 11010 1101001 1101100103, 010 111010 10101010010. — 1131101311, 10110011. 31.
11011111 00010000110. Sami. 1. 1310111101 031031. 11. 111-110.

1311111- ·6053. K. 111. 11. 11010101 11000 1100 03 1010 1101001001 01 001010030 00 110110
om 1011001001 10011001 1013001101 03 1133011 11110111. - Kallundborq, 1. 101011. 11101
10101 81111000001101010011. 55.

1110111. 6054. 81111110 [1000000100οε 11100, 01 Hans 1101030011 1 1011310111 31001111
110000110010010300 10110 1211010 1110101000 010 1111001010 1000101101. - 11101. 0. 1.
0. 0111111 regis Dag. 1110101. 1 1000100000 8011110 03 1013000110, 111110101ον 03 001011001030 80300 8119.

11. sum. ’6055 Hert. 1110110100 03 1111111 01010000010013 0311001013 111011110 11011.
111110100111111011013, 01 10 01 101011011130 11101110 111 100 100100110111 1110 10000 1011030
1110100111001101110 11010110101131, 03 bede ham 1111111011οο 1101011. 01 00001011 00
0100110100 0111100. — 1011100130, 1. 21. 10111. 113101.) 1010001010.11010110101001011.111 58—60.

20111111· ’6056 K. 10. ΙΙ. 1010101811110011110100 18301001, 101100 1111101011010 80300-
10001000 1101300030 100011011110110 Part 018030011011100 101 10110 101 111 1110131 101
101001001101000 01 10100 111110. - 10110πά0013, 28. 111111. 1101011101.0001111111181.

2011111- *6057. 1101011. 00001001 101101 K. Fr. 11, 10111 1100 3100 03 11111 101100110111101
11. 01 10100 om 0101311010οη 01 1010011 111 Hert. Magnus 00101010 100000 1131001011 1001
00 310101 Ρ110100000; 1111130 heder hun 11001 010 1110 01110030 3100 1101111300 0101 100030
111 0111113010110101110, 10 10000 0011 01 11311010103011 03 10101001011101010 med. —
6011103011, d. 28. 111111. 1131111111 1010001010. 1111 (101010001011. 111. 011-56.

1111111· ’60511 11. 1101130 811110100 111 10101 010 03 10110011 Frijs, 111011 1100 01111301 10
Βο01011111101001, 10 11010 1101101 1110100103 0101 110011, 1110011οη1100 03 0110 1110110 om 10
131010 11110310, [1010010103 011101010101, 1100010100 01 811110 111 10111013, 0100010 10113010
10100110100 3100 00110300 111.10.; 11011 0110101 1111130, 010110301001001111101180011 1111111
Βο111101001000. - 1011001003, 29. sulii. 11011010, 11101. 1111100111.1.11.1.661-64.

111111- 6059. 10001110 (1010 0010001101 M. 111010 1003131010οη0, 5031011111. 0101 1300
81111,0111, 0161. 11101101 1100301000, 1011010 10181010 03 01101 0011011 3100 1011301001,
011011131001 803101101ου 03 ham 3100 11003000 110300, saa 01 000 00 01101100 1001100
111 sit 1111111. - Eskebieriy, thend 29. dag Julli. 811011. 1130110111010310310301118-19,

30111111· *6060. K. 111. 11.’0 1010101103011101 101 0110 1101100 28001101 111 101100 8111110,
110110118000111013.-6031310111103011,13011111. 1131011 1110111.1101010100110011,11010111011.106.

 

