111111 1111111111111 111111. 199

o
*2333 11. Can. 111. 11111111 11 11111 11111113 111 11111113 01111, 111 1111111111, 211οῗ211
2580111111111111, 11111111 han 111111111111111 1111111111 1111111 111111111, 11111111 som

111. 111111 111111 111 11111 1 111131 11111. ·- Drottninqbory, S. 11111111 111. 113. 1111110111.
1 1111111111, 011111111311 111. 11. 20-21.

*2331 11. (111. 1113111111 111 11 1111111111 1 111111, 1111111111111111 13111. 5111101-
11111111 1 011111, som have 1111 113 311111111131 mod Superint. 111. 111311111111111,
men som det ikke anses 111111111131 at 1111111111111111, 11111111 111111 1111111111111,
111 11 11 1111111111 1111111 med 111111 1118111111 111131. - 011αηὶ111111, 1111111111.
11111111011111 1111. 111 1111111111. Saml. 1315-21.

*2335. 111111 1111111111, 81311111111Τ1111113,11.111111131111, 1111111111 5. Manu.
0111111113 11 Β1111 31111, 1111111111. 1111 ’11111113 111, 11111 1131111 113 111 11111
11131111 1. 1111111 111 11 111 Jacob Spillemand udleveret 111 11 011, 111 11111 11111
11111 Β1111, 13 11 denne 111111 11 11111 111 81111 111 11 11111 111 1111113 ’1111111 -
1111111311 11111 1 11111. 1111111111. 111111. 11810-11.

2336. 1111111111.111311101111111111111118111111, 811111.1.11111111,1111, 8111111·
1111111111 11311 111 1111111111 111 11 111111 13 1113111111011111111111111111111111. -
8. Marta. 18111111.) 011.1811111111111111111111111330.

’2331 11111111 1111111111, 11111111 1 0111 13 Ρ11111 i 11111113, 11. 11. 1111111 9· Mi·
0111 om Vidnesbyrd 1111311 11111Μ11111111 Ytringer‚ Jacob 8111111111, 1111111111
11111 nme, 11111 11111 11111. - 1111111111 (ι’ 11111111), 111111.111111111111113111111.
0111111111. 1111113. 11. 841-12.

1034. 1111111111 1 11111111, 1111111111 1111111311 1511-56 8. 13111111. 2. 13. 1111111.

2338. 111131. 11111111 111111111 111111111111111. Μο1111118111111 11. 1., 11 11111111
K. 11 1111111113 111111111, at 1111 1111111113 1111111111. 111131111 13 1111111111, 111111
11111111 er 111 1111 111111 111111, 111 11 111111 113 111 1111111111 11111 1111111111. -
0111111, 10. Mart. (Tydsk.) 011111111111111111111. (11111.1.16.111111.11.216-43.

1037. 1111. Briau, 1111111Ιὶ111 1111111311 1151-ὀὸ S. 137, 1111. 2. 17. Martii.
1040. 1111. 111111111111111 11. nanu.

*2339. 8111111111 111 (1111111 01111111 1811111111, 1111111111.1.111111ο13,1 111 11. 22. natm.
1111111, 11111 111 1111111111 113 11111 1131 ’111111111110111111111111111111111311 111 11
1111 111111 Vold 111 111111 Grund 1111113111 13 11111111 1111111111 11111 111 11
1111 11111111111111 1111111 1111111 13 111111 11111111111111111011111111111.- 111111-
humb, 22. Μ11111. 18111111 111111. 11111111,1111131. 1111111111 111111. 314-46.

’2340 111111111. 1111111111 111. 1111111111111111, 8131111111 111 8. Μο11111 21111111.
1111111 1 11111111, 1111311111111 1111111110 81311 6111111111111111111111. - Drou-
1111111111, 111115. 1. dom. 01111. 1111111111, 1111111191.

’2311 11111 0111111111, 11111111. 1111111131, 1111111111111111111 1111110111 1. 24. 111111.
1113111111, 11113111 81111111, 111 0111, som er 1111111111 ham 11111 11111111 1111111111
111. 11111 011111118111111111, 111 111 1111111 111111 811111 1111113 1111111131 11311
8111111113 111111 (11111; 1111 heder 11111111318111, 111111 111 1111111, 1111111111

311111 gives 8111· 111 11131 AErinder. - 11111111, then 1111311111. 1111111111
111111 111. 1 141-41. ’

 

