110116 0116161116 eeu Tuemu. 265

1557.
*3099. 166661 1666666, 86661161. 1 16668111, heder 16161016 61 6616116116 1111111·
106366 661, 6111361. 03 11661 1 Nyborg 1616 16131 111. 166116 11666666 11116166 80366-
61661, 6166 6116661666166 11666116 8106166611666 1161 61116161, 6111166366 111 11616 M.
01611 1116166666 111 116661 161, 6166 61 Sagen seuere 61116166 6131011, - 1116110116, mand.
6. 101616 6661. 11161161. sumt. t. 11666 11161. 63106. tv. 158-61.

*310tt 11. Ceu. 111. 1616161116611610611661661 16161161661611163 6110116616166 15· sunu.
Forurdning‚ 1106366 med Raudets 116611 161 31611 661 061616661161666 06616116361. -
Kt'opnehusvett, 15. 1111111. 066616116341111121. 1111. 1111616, 116666111616 1116110361 1556-Γο S.
11116611.

*3101. 11. 01111111. 1616161, 61 061166616610166 Sibe 661113 6166 166 611116- 1111111-
16616166 8101 16 1166161 11016, 161111 1106366 166 16166136 1616 616161 1116116. - Kjo-
tentate, 11611 11. 111111. 1116161.1111116,86161.11116661111361636-031166611161.8.106.

1476. 10610661116, Annales 6001. 1106. 111. 350-52. 1616161616.[11061616166161.1.281-83- 1⁸· ³¹¹¹ffi·

*3102 11. 01111. 111. 66610161 01.Μ61611011111630616111616 1666 03 0611116611 ¹⁸· 11111-
16116163113 66611161616366 1 Η6116161011, 11101 1161111011111 16111616 613 661666113 6616
6116131111616016161; 1111136 3166111361 1166 616 0616111163 111 hem 016 61 medei 116661013
1. 21. August, —- Coppetthaqett, den 18. Junii. (16116111 86116116, 01616616161116611013.
111011-25.

’3103 11. Ceu. 111. 0610111111 pau ny 1166161 1 1116661013 1 1161616163 61 1061 2111111-
111016161666 111636 111 61 1166 11611611131161, 101 61 166 1116 skal 11116 6611 111 66116
1111101118163111. - Hort'nqsltolm, den 11111111. 1111111. (Tydsk.) 8611611601616161161.1116661013,

11. 115-16. . ,
’3101 11. Cen. 111. 63 Hert. Heus 031001161611616 816611116611011, 1611611. 3111111·
11161616161, 61 1611116 6116116 66 6116161611311616163 1 116661613 d. 23, August, 03 06-
10111011661 161161111 1 16116111 61 1630 8161616361 03 16111616 613 1 1161166. - Gottorff,

tlen 27. 1111111. (Tydslt.) 86116116, 01616166161. 1116661013. 11. 116-17. 7

*3105 11. 0116. 111. 11111661631161 0611616116161, 61116611611661611616116336 66 2111111
110616 61 111116166 1 1661661 631616161 1111666163 101 66 Professor i det 1161161616 86163;
1166 1616161 161 161101 61 sende tvende Ρ1016666161111Ρ6161016, 161611011166116 6161

denne, 11661 166 1161 6161116361113616366. - 116111161ὴοί6, 2916611. 11611616,1161166.
1611. 11161, 11161. 03 111616 S. 87-88.
3106. 11. Gne. 111. 1616161 Ρ6161016 61 1661616116, 11101 6161116616 161166 666- 91111111·

163366 1101 111116 1 1661661 03 Fatetur-tit 1666163 101 166 1611611116 116661666161161
1111116161111111. - 116111119110011, 29. lunii. 11111116116661111166.11611.11161.,Α1161.631116168.88.

*etot 11. 066111. 6161166161 110611116 116611616 11613 61 111. Η666 11661161666 lunio.
111 61 0116110136 Η1. 1101616161 1 06611161666 61 066116116 116661161661616 1111161616. η
1166661611166, 6166 Datum. 11611661, 11111, 11116611, t. 492—93.

’3103 116111116611166161601106011160 0661616110 scribit, 66661116, 16366106- 611010.
601616, 16666110366011166661, urbes 861661666 1636106 1616611106 61 senatum {tremensem
11 postulaturos, ut 11161166 1Η611661613166166116161; 161616 synodum 1611616106 616016
161161616016166 6666. - 8166 116. 16166616616616161611.166. ’

*3103 11. Ceut. 111. 6161166161 161361 111 111. 1666111116611616666, 810166166161 1 111111-
11116. 103 166101 musicus 16111611616116161), tit 8036661661 1 81636. - 1161νί061116,
then 161616 dag 111111. 1161116161111166. 11611. 11161.,Α1161.03 1116168811-110.

eapte uu. 11661. 11. 34

 

