520 Korre 16666611 661 111666.

1166116111 til 1116666, 63 61 161, 6661111 vides, ikke siden 166111616161663661616611161

dermed. -- (Odmee), 5. Juli. (Tydsk.) 1111. 111161166666116111 16111661,-16161.·166661. 6666111611.
112. S. 11.

5.-8. 11111· ’6211 De 1611661166 11116666 8161 111 16 [66316616 1166661161, 11611 1611166 66
11666616 616011111616 63 10016166116161 161 6661611113 66611611636166161116116616366
med 8166113, 161 1116 6166 1616 111 811616 16111136161161161 616181116166 1111663116

63 6161 166 3616111361611611611666661616616.-(0116616), 61661163. (111611.) eruere
631111 161611666616161. 1. 66116611.·116161.·166661. (1666111611. 11, 2. S. 16.

’6211 11. Fre. 11.’6 8111116166 11116666 111116, 161366 1666611666 63 (16666116-
661161, 6116161666166116161, 61 Sagen 61611616 11611. Η666 63 11663666 86661161661661
616 11161616 1 11116 81111 63 666 11661616 61661166, 161111 6116 Breve herem ere 6666316 63
6116 1116361 616 66611616. - 8661, 7. sulii. 1111116661.6616111661-18.

’6215. 11. 11111. 1661316116116613116166 1 8166361611, 61166 63161 61 6616336
66 1116161111 161 1161611161613 8161, 1161161 al 1613611131161163 6116111661611 8166361111
16111166, 63 16111336166 161 6111611166 1116166166116 6131 166 nye Kjebsred3 de, der

11116 1111636, 616116161616 [66131116 61 8166361666136163 eng. - Frederielrsborq, 111611. ³

116111, renen. orn den 16116 81616161 11616111616131, 111163 S. vll-vm.

811111· ’6216 1166666166666111166661111161163116661661136161666663, 6161116 ¹

166116116, 61 11611636166 161 yde mindre Tjeneste 618166113111 1166111611 661 6111616166
111 161 111616 11136; 1616611661 161 116166 161 11616661111136ς 661111616 161166, 6111.
Chr. Ι. 161 61161 8166113, 161 61 61 1111616166. έ- redense), 8. 1611. (11161.) 1111
01611666661611. d. 66116611.-116161.-166661, 6666116611. 11, 2. S. 15.

9111111· ’6211 11. Fre. 11. 1116111161111616 16161666 63 11. 166111161166666, 6116 86366-
prester, 66161616 Underhold i 8661, 1611616161 631163616111166116, 616116 11616Ρ16616-
366116 6116316 161 16166 1111161, 1111116116 661616 16 11661616116 paese 111161611611.
- Soer 6166161, 9. 16111, 6111116661 6661. 11. 161-66.

9-11111· 6218. Κ. Fre. 11. 1166163361 111616166 1 866163 111636161 6311116166 i 161161-

6161, 6116 6116336 6611661636611 1661116616 63116616 111 1161111661, sem 66166161-
1611 1 1116611666. - 86616161161, 9. sulii. 611111611666166161.11761,

1111111· ’6219. De 6166616116, 66666616666666 63 1166616116 6661161666 11161 663161
161 16166 11631163 116166 1616161136 016166616661 mollem K. Fr. 11. 63 Hert. 161661.
61116 63 11611663. 1666613166 61 8166113 63 666 1616616. - 01616616 in 1161661,
66666116. divis. apostolor. (Tydek.) 11616616. 6161166 111. 234-42.

¹⁷· 11111- ’62211 11. Fre. 11.’6 6616611161, 61 6116, 16616 16116611616 63 6116611616, 1111
6166 66166116 613 16166 161611 166 1116116161, 6616 6161 66163366 16111616111616138161.

63 161 11636 1166161 631661616166 1101616116161611311161. - emembrem, 111611. ¹

11661, 611611. om den 16116 81616161 1161611161613 1, 111163 S. 11111.

101111· 11111· ’6221 De 1166616116 6661161666 1161616163 om 161166111636166 1 016666 ang.
den 6166113616 1666663. - 11166 Datum. (Tydslr.) 111611111163111116161666661,1 1611661.- r

belet-leuem). (1616116611. 11, 2. S. 16-17.

’6222 16166661166116 1661111166 61116161 611616 16131 1161163 11611 61 1161-
161116 86611616111 111166116161 med den 661616116116361161616. -— Mont. 6. Μ6136161Ι16.
(T 11611.) 11111 111611661661161, 1.66616611.-116111.-166661. (1666116611. 11, 2. S. 36.

18. 16111.

 

