6- 111111· 9402. 11001 0111011011, 000011000111 001000110001000, 1111111101000010111010100,
01111. 1111111101 1101 1010101111110 11111. 01 00010011 010 0110111100 1100001 000 8000100.

- london, d. 6. Decembris 0. st. (1101100011.) 00100101, 00010111011100 vnn 101100 v. 01000-
1101001011 11. 138-40.

111111111- Ι 9403. 11. 101100111. 0001000111. 11111.11.001[1111010100111100100110111110101
811111, 1001 00000 110100 100111 01 11. 01 81011010113000110101, men 1010 101 1000101

1111111001001011111110001011. - 1101010011, 101100. (Latin.) 11010. 1100. 11110101, 111110
1100011038.

’9404 1111100 00100111101100 100 11011101. 001101111010010010 Μ. 1110111 Hammon
111 01 1111000101οΙ0 11001101 11οο0011110, 110. 1 11111110, 22 Stk. Gnld, snm 00000 hande

1000111010 1011193011- 00100000 1010 101 d. 15. December. 1101010,1101101.0011.11111.,
11111. 00 Breve 8. 426-28.

21· 111111· *9400 010001100101 101 1101000, 10010000 01 11010011000000 11110111 110011 1.

8100011100 00 11010 000000110001. ·- 11010001 11000001, 21. December pan S. Thnmae 1100.
11010110 1100. 11. 2511-08.

20111111. *9400 11. 1011011111. 0001000111. (111111100111111010100111 1100011110ογ, 111001
10110001110001100, 1101001100. 1100111000, 1101100100οί 101 00 Sum 01 00010. 81011100. -
810111110601110, 26. 1100111. (Latin.) 1101011110,111001001111101100011809.

*940n 11. 1100011. 11010101 Μ1011110100 1 000010 01 00101010 1101100 11ίο11001
810000 111 110011 11100, 00 110100100010000 10001 111111000011010000 1101 hin 0011010111
den deri 0100011010 Sum. Udt. 1110001 81000100, 0101. t. 000010 01001101. 111, 1. S. 119-60.

’94011 11. 0110. 1111101010111100111101001 000010 01 10100101111000101101100 01
1100111 Veje og (101101. 00111100018111100100,11101.1110000101110111111111, 1. S. 60.

’9409 11. 01111. 111. 10110001 [1001010100 011001010 000110 110001, 1001 010 111110
1 1101011001 0111. *93451 1101. 1 110001 810100100, 11101. t. 000010 11101 11111 111, 1. S. 60.

’9410 11. 0110. 111.’1 11101 111 Ηο11. 11011 01800010001000, 111011 1100 1111110001
ham 01 1000 8111000 100οΚ. 8101110000 11100100101000 01000 1010, 1010 00101 kunde
0011101 101 110000 Rigor. 1101. 1 1110111100, 11000008101100001001100110. 11111111101101016,

*9411 11011. 11111101 8000000100οε 11101111 11. Chr. 11., 111011 1100 0111101101, 01
001 ingen 111100 01 10011001 11001 0011810100000, 00 110001 000 0001110 110000 010 01
10110000 8101101000 111 0101011101ᾱο 000 Ed 00 1011111100, 1100 1101011οῑ 81011018100001.
(81011011.) 001. 1 11011100, 1100000 810111000οε 0011 011110. 11111111101101. 316.

*9412 11101Ρο0011101110110, norges Riges 11001101, 0011101 11. 011111. 001
0011 gamin norske 101. 110000,011111.11.111111.1. 116-17.

n. 1596. 0. 1596.

’9410 10101 11111000,10010111 10110101101101111010100111, testimonium 00 1111110010

80111111001011100000010100010, 001 triennium in 1100 101101011111. - 11011011100011. 10100111
800113. R. 1. 321-28.

1101. 1591.

⁷· 1111111· 9414. 0011101110111 0010301 111 111. Hans 1011101110 0110001110111110111110
00 01 1100101011 10011110 111110 10101100 111 00111011011001, 1010 man 101001 domum 0001-
101010111. - 0100001000, 1. Ianuarii. 11010010,11111101.111111010011101110,Τ111.8.217.

*-

 

