676 Κο00 1000011111 001161100οᾞ

..--.—-—-—.——.—„.-.—.——-——-—-———-————--—..—-—-—-— -- .—

1181001. *8681 11. Fu. 11.’00601160100 11010013000, 81006010013 03 8111100013 100 00
00600 1 3Ι 101 01 11060 60 11160110, 0010 110 11100000 811010 01011300 1111000 0610001

1111111000 Skove. - 11100110, 16. Febr. 80011.106011110103100031.1111.141.

215- Febr. *8088 1011011 1100010000, 03. 1 110010, 110110111001001100100 001, 0111111101οε
03 6010111301110010. 0110100οε 11011 0101110 have 00 1101 10030, 010110160101 1110031
0001 03 0000 Ηο0110 160100 0010116 111006 101 00130111310030 03 0110160100 0061111
1010101οᾱ 1 101 1100 1101030016, - 0. 26. 1001001. 11111. 1 10100101. 01001. 3. 11. 1. 390-91.

11111111- *8080 111. 1011. 001016101 110116 11116 03 1060111116 111 at 010110 101113 1006
Ε1111 111160 1. 1110600110, 0010 10010103 60100 11101101 10130011116, 10161 60000 00160 010001
ham med 116006 03 Naeve. - 11000011, 6. l. Martii. 10601810100000,1106010011261-61.

1· 1111111- *8090 11. 111. 11. ’1610601110130100 10110000 01 00101330 011 ny 160110] 11160100

nye Markedssted og Torv. — 11001101, 6. 1. Μο118. 11111.110601811000000,11161.1.0600006100
11101. 111, 1Ι 8. 20.

¹- Martii. *8091 11011. 03 11100 1 1110000013 013110 [1111101103 001 110 efter den 1100301130
1110101006 1 110000013 Peter 110011000 1103101103 101 6001 000310 1160000016 010, 01
0006100111οῑ 1 8100113 11110 001 1060611000 0101 0100 00060111100000131101 03 60 601111

11010060 0 1101106111. - 1100000101, 00101010010000101.0101111. 1106011.) 0100000, 00010·
6. 0110011. u. 111101-1100010 d. 0011031000108001001113111292-90.

1· 1111111- ’8092 001 0110001111 1111100000 101001001 11. 101100 111. 01 611101010οΙ 10011001 11011.

81310011106030060001111000000.-10110111010101111. 18100011.) 011111100110001100010
01001110 1110011111οῑ 1. 119-20.

3. 1111111» *8090 11. Fu. 11.’0 11101 til Biskop Dr. Povl Μο6000 010 at 0110110 00 603113
Person 111 601 106130 8030011016 1 06601, 01111101 1100300 0011 vil 00010110, da 1100 00601·

11600 00001601 013 601 i 113000 000 1011001 8101. - Fredert'ltsborq 8101, 6. 3. Martii.
Ny 1111100101, 811011. 1. 101-06,

0111010. *8094 11. 10. 11. 0010101 610110 0101000011 1111161100 600 01006, 001000οο1 1110-
0000 00016 6030101011 1061130, 60100300 111 10610110 0001600 111 01 1810000111. - Fre·
dert'lcsborq‚ d. 5. Martii. 80011. 1011011101.03’100031.1111.145.

0100111. ’8090 11. 1101190 11111Ιο31010 101 11010100 11010003 01 00110330 01 1001011 03
00160 00 1101001601· 1 11016103. - 5. Martii. 1101.11000,0000.001110101030 183.

8. 1101111. ’8090 11. 10. 11.’0 11101 010 01 10011010 8110010 1. 8110130016 03 11006 111161.
8006011 0101101 101113 003. 00 10161103 000 00000101, 0010 1000 1013100000 00160 000
110116 111160 1111101. - 11101100 11100101, d. 8. 11111110. 106018110000001106010011.169-10.

8. Manu. *8091 0110101011εο 111101 11101001, 01 000 01 11003000 110010010οῑ01 0011010601
110101006011· 01101 11003000 110101103 har 0106103οῑ 20 00101 01Μο3111001ου0 0101, 601
00160 dediceret 00 1103 111 600 0030 Prius. -11, 8. 010110. (106011.) 000010 0001103011οῡ.

010010, 8008. 1100101010 0011000601 01 0010 11010101110101110111110010 111 010 1100110.
- 8. Μ6110. 1006, 1103000 1101000011 8. 154-55. 11101. 11600111. 4. 11. 11. 1111. 8. 1511 6. 11. 1. 92.

16111110. *8090 11. Fu. 11.’0 11101 111 00060100 10100013, 01011 000101100301600000 110·
1100110103 1 101060103 01 100100030100 000001 1101010101010103 1111101103 01001000100110
1101011030016 Len. - 11100110νο, 6. 16. Martii. 80011.1.]111111110103100031. 1111. 145.

21. 10010, *8100 11. 111. 11. 0010101010 110030 01110601003000110111. 6011010010601000,
8030001001 1 10100 8030 1 1100 1101106, 1061100101οη 111030 over det 01011106, 6010100161οε

106 0000 1100030016, 03 0001 01101 11010 010 0011060100 110 1000100006. - 1110110010
- 21. Martii. 1111100101. 80011.3.11.11.783.

 

