1576.
16. 1111111.

29. 1111111.

, 1577.

6. 111111.

9. ianuar.

11. 1111111.

12. 111111.
13. Ianuar.

13. 111111.

22. ianuar.

24. 111111.

97. Ianuar.

598 Kone 11111111 11111111.

-- ---———--——-—

*7151. 11. Fa. 11. 11111111 133111 1111111 1111113 11 111111 111 111311111, somer
31111111181111111111111, 13 11111 1111111, 111 11111111, 111111111111 111, 11111 113311
1118111111 13 1111111111, 1111111111 1111111111 111111111111. - 1111111111, 1. 16 1111.
111 1111111111. 8111117. 392.

*7152 K. 11. 11. 11111111 1111111111 111111111111311111 af 11111111 91311111 111

7111111111 1111111111111111113111 1111111111, 1111111 111111111111111 11111 1111111111
1 (111113. - I‘Sedericllsborq, 1111111 29. Decembris 1577. Nyrop, 8111111111111 S. 3.

7153. 811111111111101111111111111111 11111111111111, som 1563 13 1564 11111
111111111311 11111111111, 111 11111 111131, 111111 11 111311111, 11111111111111111

1111111111111311111111111 1111111111, 1311111111 11111 Faerd i 1111311111111111. 1111111
11111111111 1. 1111111 (1111111111, (1111111 11 811111111113 S. 97-160.

1577. ‘ ’

1

1

7154. 11.111.11111111111111111111, 113.10111111119115031.1111111191- ”
talin& for 905 1111111. - stederilasborq, 1. 6. Jan. 1111. 111111 8111111111, 11111. 1. 011111 11111 ³

11111. ΙΙ, 2. 8. 178.

’7155 1111 1111111111 1111111111 11111 i en 81311111111Η111Τοι111111, 81311- ,3
11111111 Stenkomil‚ 13 Ρ11 1111111111, 1111111111 1 1111111, 11111111 111 1111111 9111111113 ·
mod den 111111 111 11 have 1111 1131 111 1111311 1111111111 1111 1113111111. - 11. ἶ

1111111111111. 1111111 1113. 3. R. 111. 196-99.

’7156 111. 11111111 1111111111 111. Fr. 11., at hun 11111 11111331131 11111111-
3111111 1111111111 ikke 1111111111 6111 111 11111111 11131111 13 1111111111 146511111111
1111111, som 1111111111 1111111 mod 113111111111 Η11111 paa 111111, 9111311111 og
1111111111. - 1111111111, 11. 111. 11111111 11111.1113.11111111,1111111111.11.14.

3177· Ν11011, 811111111111 S. 4-5111111111 Datum: 111111 11111. 11111111).
3178. Ν1111,8111111111111 S. 3-4,

’7157 11. 11. ΙΙ.11111111111111111111311 1111311 81111 01111331111 [1111113111
111111111113111 13 11111311 11119113111126111 111 11 11131113 8111 13 71131; 111-
11111 111111 11 11111 1111131111 111 111 11111113 1111111131 11113111 Ηο1111111ο3 11111
111111,11111111 111111111111111; 113111111 1111111 11 ikke 1131111111111, 111111111111
oller 111111111111, 1111111111111111 11313111 13 have 3111 1111111111, 11111 511311·
111111. -— stedmchsborss 1111111 13. 1111111111. 111111111111161111111111111 1111111. 8. 58-59.

’71511 1111111111 1111111111 Augusto 11118111οηί1) scribit, 11 1111111, regem
3111111 1111111111 Polonis traditurum 1111, quum 111 1131 111111 111 Moscko eam 1111111
velit. — Proque, 22. (111 Ianuarii. 111311111111111111.Ρ111118.968-71.

’7159 11. Fu. wls 1111111111, 11 111 111 9111111113 111 Η11111311 11111111
1111 111111 1111111113 og ikke 1111311. -11111111111, 24. 11111111. 1111111111. 111 (111111111-
arch. 111, 1111. S. 23. Banake 811111131111. 141. 11111, 81111. 1. 11111 1113111311111. S. 289.

’71611 Menige 1111111 7111111111 8131 11111111, 11 24 11 1111111111 1513111
have paa 111111 11311 11111111131311 111111111131111 111 11 111131 111. 1111111 11111113,
1111111111 111111 1 11111, 111 Praest i 813111. - 111 1111131 11 Pauli 1111111131-
1Ρ1111111111.) 81111111, 1111111. d. 1111111. 1. privat-Rechts 1. 111111311111118111111113111. 973-74.

1

 

