11000 8001010011οΝ Tamum. 191

2241. 11. 80011130 Breve 11111001100018010, 1011010101, 81030101, 8101- 1302001118-

kloster og 8010111, 01 101 med det 101010 0101 0110011100 00 10000001011111011 01 11000
11100110, 0101000010010101110 0101 111110011111011000. - 80111110, Μο130101110103. 8110101101.
8011111. 158.
2248. 11. Gan. 111. 1010101100011810010111100 0100000, 0110 8100101, 00111110- 11001010,
10101100 10100 81011010, 1110 1101111110 0111001110 1101100 01 0111010030, 1110101110 80300-
111101, 10111330 01011103 1 11101010101110, 111110 1100013010 01803110 110 81010100; 0001101
1010 1110011111οη 111 0110011100111110 11011110 03 111110110 803001011000 01 0030 0101010
111110. - 1000015011ιο, 111811. 0. 8. 0101310110 dag. 80110111, 11111100. 11101, 11101. 03 81010
S. 118-19.
2249. 11. 81111. 111.’0 8101, 01 0110 1101, 8011010101. 0. 11011013, 1101 31011 101001.
803001011010100011130113100181011101018101. - 11101, 0110111. 0. S. 8001800300
[lag. Udt. Ι 10101 8101000011, 1101010011. 89.

2250 8001010100 80001000, Prior i S. 110010 111. 1 0101100, 0110101 111 101300 1102110111.
801301, 8301. 1 80011013, 000 menige 80130100 110300 en Μο110 0100 101 10011013. -
S. Knuds moster, Fred. 0. S. Margrethe Dag. Udt. 1 1010181010110011, 8111. 1. 010000 8300 8101.
11, 2. S. 16-11.

968, 1101101001 811010, 1100008100 810110301 1151-55 S. 6111101. 1. 00, Juffi

969 00 2252. 001010.

2251. 1001011 11001000 1110110101 81. 1000 8101110 1. 11101101 01110101030 1010 05, 1,,13,
10010 8810100011 000 80110101. - 8110110, 0. Jacobs dagh. 0101010101.1101103. 111. 778-79.

2252 (z 969). 180310110010001810001101, 80111010001100. 803 (2010111. 811010, 11011- 03, sum·
00111010 8101110301 1551-55 S. 65-66. ,

2253. 11. 800. mss Forlenings-Brev til Byrge 1111101001 000 10101100 8101 03 03, sum.
100. - 1000110010 01011, 1101. 0. 0. S. Jacob 1000101000 103. 8101010. 1 1011111111, 800110-
1111301010. 11. 18-20

2254. «1100110 11101010 1110111101 81. 80101100, 01 1100 1013110100 1101 0031 01 29. 1,,31,
010110 1101110 00 1101 111 1101111311οε, 00101 10101 honde 1100 11011300 0111110 111101οΙ00
111, 01 han 1 111110 01101 11011103 maa 110110 00310 0101 1118103 000 110001013100. -
1000011000, 0111110. n. Jacobi. 11111011.) 80110110, 8101000101. 8100011013. 11. 992-93.

2255. 8001000101001 01 80000000οΒ0 1 Νο13001 11011011, 8130103101110 03 1.August1.
8130100000100 1 8013001, 80011030 03 1101 80110101, 8000101301000 801011100303010
001111 24 80111 110 10 0011330010 11030 00300001010111311111300 01101 nye 1103. - In

deme Nienlcoqe, sonavende 11. Jacobi. (Plattydsk.) stomun, (100011. 1. 1110011. 0. 811101-11001110
1. 801103110οι0 8011100013 111. 230-32.
2256. 801100 81110000 1111110, 10001111.0.13301011001,111011010111. Chr. 111., 01 15¹ Augusti.

han ved i 10001011 0110110 med 00 8001 har 11101101 0118011, 03 110101 ham 101101 001110
00 auden Mand 101111 111 01 01011030 8101101, som 11011 101 111011 1101 010111030111000101011
80101 801110111 01 1010010. —- 15. August. 810101.1800110101100011.01050.
974. 8010008010101010101111111.820-21. 18. 1030011.
2251. 1011131. 8111011111 01 80000110 11101101 101 Simon 8103 03 Wilhelm v. 00113000.
8011011111 111 11011. 11101111 01 80010010 10 010110 111. 0. 10100100 01 101030 8011111011 03

8000001010ωο 1110100010011110010 1118010110010110. -— (Tydsk.) 1110001, 00010 u. 11101
ι. 800011 1. 1111011111. 1. 110

 

