600 Korrs 0111111111 111 Arses.

577.
218 Febr· 0173. 011 insererer 111301 111 01001 01101 0101, 01033111011110, 10111101.
0011110031110, 1111010013111110101 0010131110 1 01311111, psa 1111101 1111011301
0131113 her 01101101 111. - 0011011111, 28. Febr. 1101111111. 1 11111. 1111111. 5. 1. 0129-30.

Ῑ· Μ’· 0174. K. Frr. 0.’1 0101 111 01. 0011001 af 0131110, 111011 011 3111 110 pse
0011113 010 001011011131110110001 113. Sejlads 03 Ι011001 1100111010. — 1. March.
(Latin.) 001. p. 013. 1 1111111, Second repert S. 25.

7· martir. 0175. 0. 011. 11. 1111113301, 011110011111011113010111101013 0110010113,1111
010011 0301110101111111111101 11 0100111130, 011011311130 01111131110 11 1101110103
011 011110110100111010 111101111110113, 03 1 1110101100 11330 803101111 10100 8031.
- 0101110011 11011, 10010 7. 013 Martii. 11111011111011101111143.

’100100- 0176. 0. 011. 0. 111000111 101, som komme til 01110111101010010113, 11111111
0011111010 010 psa 1110013111 03 81110101011101001101101 at salte 60 1111018110
111 00011113 0103, 1110110 00 111111 0110 3 1111 0130011 0311. - 113. 01111.) 0111
0101111. 1. 01111011 111. 198. -01113101010101 101110101011 8111011100 0100. 8111101.

19011ῑο· 0177. 1111111 1011111111 111111001 M. 01111 1011101101, 8111101111. 1 0111 8110.
0013111 100011 001113 0110110013 1100111310 81111011001101131113 80311 03 10100111,

111111 111010 110110 skal lade 8031111111 1110110101 1011100118031. -— 0100111, 111010

19. dag Martii. 11111111111011 1111111

20. 1111111. 0178. 7011111111 01111111, 010111 181101011110, 1111111101 011101 01111101-
persen i Fyn, 01 han har 1113101. 01111 111 0101111130 03 001 0110111101 011101111100111
111803111, men 1101110100113, 100111 heve modtaget 0013011 0111, ikke 111 10110111
01 10 80310 (11101 03 0103111301 0010 1011010. - 8111011111, 11111 4. p. 111111.
1111101111. 81111. 3. R. 17. 445-47.

21. 1111111. 0179. 110110. 1111111101 0110101 1 1111011101 113. 01 81110 03 11 0110111

0013111 8100, 011 skal 110101101 100 01011101. - 101. Marte.) 1111111. 1 1111111111. 1111101-
smfflmsffi

21. 111101. 0180. 011101) 01111 1111111111 1 011 1111111111 Α11101010011,·1.011110. p. 010013

8101, 11111110011111 0111130110 111 1100111130 0010010110 1 01111130 8031, 03 0011001
· hans 0011113 011, 1101. 01011 1 101001 11010 110110 101101101010111101 1 01011130 01110.

- 011101, then 21. Martii. 101111111111111140-10.

22. 1111111. 0181. 011101 0111111111111111 1 011 1111113301 01. 0111 011110101, 010111
81101 011110, 11 1100 0101011111100 pra ny 10110110 010111111 100 01111030 K. -
00011, 22. Martii. rrrrerrse 111111. rr. 11. 140-11.

2301100. 0180. 0011111011 01 00110111 811110110 til sin 1111101101001111, 1101101111.
0. 0011, 113. 0000111011111101 0100031111 101 01 11131 01 1 111101 01110. - Gortorff, 0.
22. Martii. (Tydslr.) 1110111111011101111. 0111. 0. 0111111111 01100100111 1. 81-82.v

23. rrartn. 0183. 101111110111111011111, 01. med„ 10 rectorem et professores universitatis
00 pernicioso pestis 001111 scribit, librum 1111 00101 11001110111111 mittens. - Hasm'oe,
X. kalend. April. 0010111,11011110 01111. 0111, 11111. 03 01010 8. 278-80.

26. 011ῑο 0184. 011111011011 1110111101 pas 001111001113 1101111111 1011100013 11
01110010113011111011101010110101 1110. 1111· 1517 11. 00013). - Prae, 010113
d. 11101111 Martii. (Tydsk.) Urk. rr. 1110111. 0111. d. preusz. 0111111111. 111 81111011.-0οΙ11. 8. 28-29.

27· 01110- 0185. 0111. 1001111 11 81111011 811110110 111 Hert. 10110101 01011111, 111011
1111 01111101, 11 001 1011111 11111001 0101 10101 ham 11101111111103101111111 8111-

 

