500 Kone 10101011 0111 11110011.

16Ι Manu, ’5975 11. 10. 11. 1110111101 10001 0110 03 1011000 11100, 011100011011100110011100
010103010101111 8011001110 03 at 0110 111000 03 1100110011010 11110 01101130 00 81000100
1001010 1 8110000, 1010. - 1010111111, 11100001011101111. 11111011, 11111. 1111100111, 2. 11. 1. 616-11.

11. 1101111. ’5978 11. 10. 11. 111011110110001010 03101100 111100 001 0100000 [1000010103
0111311010 til 1111111ιῦ1011. - Esserom, 17. Martii. 11010001,11101.1111000111.2.1116481

1111111111 ’5977 11. 111. 11. 111011110110001 0110 03 1011000 11110, 011100 1101 110001 Daniel
1100011011 010 01 1011100010 0100 00 130010 11311010 001 0113110 11001111 1101010100, 00101
50001 0010 11001οι0010 00 1103 111 01 modes med ham og 10001 111100 000 1110300. -
1100οή0100019, 18. Martii. 11010101, 8101. 111Ιο0111. 2. 11. 1. 849-50.

1111111111. ’5978 11011. 10011010101110113 101810000 8100113 003. 11100100 00011010, 11100.

1110311100, 810001. - 11011011,00000101.008001800110100010. (130011 111011, 011111-
111113. 1103. 111. 761-69.

1111111111. ’5970 11. 111. 11. 11000101. Elisabeth om 01011001010 10 1031000010, 0010111010
10300111 10030 000 1111011013, men 10010010 000 18100010, 03 00 11010010 811110 11031000
10111. as Sverig. — Fredericsbom, 19. March. (Latin.) 11010. 8031810101011010. For. 801.
1508-68 S. 180.

2211111111. ’5980 11. 111. ΙΙ.’0 811110100 111 1100001 1 01001ρο ang. 110 81011, 110101101103
01010110011011 0111110 0101511030 1 11003000 Νο10. - 6000010300, 122. 1111101. (110011
1101 1 zeitschr. 1. 80111000.-110101.-1.000011. 00000. 111, 1101101101. S. 36.

2211111111. ’5981 1101111οῑ10ᾶο 1100101 80000000 11101 11111.11.11., 0111111101 00 010100100

01010001, 11100 001 ikke var 0101, 010 hans 811110100 101 10011000 8 11030 101 03 1100 ,

1101110 100101001011010110300 010 00111001, 1100 111 0011 011110 111 1101010 03 11000300

1100011 1010 110000 10 1100101. - Drasdea, 22. Μο110, 11000 101. 1131101.) 1111111.11111111
0100011113, 110000101001110 8001010000101011. 1871 8. 110-11. 181010101101111101011111 Α. 15671

23. 1111111. ’5982 11. 111. ΙΙ. 000001 10001 0110 03 10111100 11110 600 [10000005101 111 00

1000110011013010 113110100 Μο0011103. - 110οω010103, 111000 23. 11101111. 1111111110,11111.
111100111. 2. 11. 1. 650-81.

21111110. ’5988 11. 10. 11. 00101011011010110 03 101100011110 010001000οη 101011110103
11111001101111010011111010 000 000 Sum, 00 010110 have til S. Hans 1103, 03 0111010101 0001

111 110111301010000011011001 111 1101100100. - 1100010105013, 1110000 24. 11101111. nardum.
8101. 1111000112. 11 1. 651-52.

21111011, ’59811 11. 10. 11. 11010101 11111 11011 01 1103110 013 111 11001001 03 10000110 00
[0011005013010113110101 10100103 0100 111101 1111011, 11111101 0110 03 1000011111000100 1110101 ¹
01001001110111. - Frederiksborq, d. 24. 1110110. 11111.11010101000110,111111010011.15-76.

24. Manu. ’5985 11. 10. 11. 3110111100 8100011013, 1131.80110101,1001051010001101011011 1

100000 01101 caspar 111011000 000. - 1101011115013, 24. Martii. 0101113011111100111111.03
Topogr. 111. 279.

’5988 11. 10, 1110001101001000 11001001010100, 0180300, 00111330 100111 2 1111

110 110501000100, 010110 have 110300 1101011001010100. -- Frederilwbom, 1124. 1101111.
111110111οῐ. 801111. 8. 11. 11. 161-62.

’5987 111111101100001001111000110101010 110001, 110 0111011 1111010001 1. 11303111- ³

24. Martii.

21. 1101111.

301110, 01 1100 10010101100110101103 1110101030 111 1101010100, 03 110001 110000 001130 00 .

1111 Me, svm staar 000 1100011. - 13103113, 0. 24. 003 Martii. 1111111111, 11101. 1111111111.
11. 466-67.

’5988 111111. 11υο1101 01 80011000 1110111101 11. 11. 11., 01 8011. 01803010 11110
111 1130 11010111110300 001 1100101110 03 00110111010131010100101001000300 0001 0111111110 ,

28. 11111111.

 

