1575.

27. septbr.

6. Octobr.

12. Octobr.

12. Octobr.

16. Octobr.

588 Kooo 1666611111 666 Aroes.

——-. *ww—m

666 61666116 11666161 11116 8661166 116666 111 11666611, 66 116666166 66666116, 6. 6. -
(1666666366, 16 27. jour 66 Septembre. 11166611 11666116161661.1111111108-12.

7034. Cerberos 11111611 11161111610166616366 6111661113, 61 1161666116316666 61
1616116366 bavde toret 666 616666 81. 66 varennes 61 1161616 0616616163616616611666

Forscg i Srerig 1666 61 116111 Erik 111111. —- 6666666366, 66 27. jour 66 Septembre.
(Fransk.) 1166611111.81666.11161.111.112-14. ’

7035. 11. 11611. 11616161 6111611 016, 166666. p. 66111616, 6116663616 63 strabo

Μ. 11666 bergensem, 666 16111661 i Flintinge, 16161 ban 116166 66113361 66 611661166166
1 61611110 bloster. - Fredert‘cltsborq, 1116116 ΙΙΙ. Octobris. 1611-11666166666, blusso 1161166 S. 182-83.

7036. 11. 16. 1136 66161163 111 11116166. Μ63161161 66 61 31616 66 1616166163
66, 61 6116 Hytter 63 36661, 666 616 11633666 666 113666 01666, Byen til 81666 63
11663661, 6111131166 16666 66 vis Τ16, 63 61 der 611166, som 6666 81666 1666661116

61666666, 11616166 66 1113111. - 111666616666 6161, (1.4. October. 1666166, Journal 1611116166- =

bornere 1. 383-384.

7037. Statbolderen 6660661-1061661. Ororrrrr) 6666116116111. 6111666611 66 .

161366 06116116111166361636166 61 1111666166 16166 1161161 63 66 disses 61616666136161-

6116361 666 66316 816116 1 Wieck. -— 86666613, 6. October. 17666161 11111 66661616,
Nocbr. r‘rber d. 66666166611163616-8161611613 11. 450.

7038. 1061661. 11666661, 8161661661 666 0661, 111636111161116666111611616
til 666 111661616 Storfyrstes 11666161, Wasily N. Sobkonzek‚ over Rossernes Overgreb 666

6666166666166611611111661. -86661613, 6. October. 1136611 1166111616, 6661116161.
06661666611163616-816166613 11. 449.

7039. 11. 16. 11. 16116661 1166116 Lauritsen, ng. p. Dragsbolm‚ med 66 066161 ¹
Kjelstrop 1 vig 8636 1 066 1161166 1111163 1111, 666 116636 1166 61 1 11663666 11666616, 63

61666 6666661661131666311661111116366616. -6166611166613, 12. 01161161. 11111. 11611-
beretn. 11611611616661611. 111, 1111. S. 50.

7040. Hert. 16616 11616161 1161666666 1 1166666116 1111136 16611 1166661661
1. 1111616161 63 Paul 63 1161161 1166116116 6. 10. November 61 1163116 613 111 1166616161 111
bans 6166616611161166 6. 661616 63 661116 666 616616 1163 rejse 116616 666 Hert. Jobons

Raader 111 11616163, bvor Forbondlinger skulle 366 161 613. - 0611611, 10616661 121
t'rydsk.) Odt. 1 Zeltsobr. 1. Sobtesw.·Oolst.·Leuenb. Gescb. Vt, Repertor. S. 30.

7041. 11. 16. 11. 11116661 R'rbe 11613616 11366616 1111616 6166116116 0166, 81631616 ἢ

63 6661676161 666 1116116661· 16661 66 1 166661 63 666 Kjebstaederoes 1611166636.-
D. 16. 0111111. 11111. 1 1116611, Orbe Bys 11161. 1161161616. 8. 143.

3093. 66, 1 ronco, ebe 66 616. 6166616. 6. 146-11.

7042. 11. 16. 11666166611166111611 1166111166 616 61 66116136 1 666 616666 1166161
Μ. oluff OOessens 8166 Μ. 111661 6611661666, 11111166 1 8661111, 111 1166161. - 1166611661-
1161361611, 11161] 18. dagh 06101116. 1111 1111166161. 86611. 111. ose-63.

3094. Odt. 1 1161611161, 1111611. 66661161611616,66666663. 61 Letb 8. 56.

7043. 1111116111 1 1166111166 tilkjendegiver 06116161161616 1161666616, 61 1166366
bor cosket‚ 61 Μ. 1111161 1861 616166 161366 111 61 1661636 661166136 116616166666, 63

heder 666 6666 63 6611636 1 761361. -· Ex 1166616616, 23. 616 Octobris. 6111116116.
86611. 111. 563-64.

 

