1647.
111). 16111.

30. 16111.

30 16111. ’

1. 1666611.

148 1666 6616166166 666 Tuum.

——--—

*1764. 6661666666 Humum, Huvedsmd. 6. 6666666666, Eme 116666666666
m. 11. 6611666, 61 Η6. 16666 66666 666616 Η1161666 Fru 6166161 1666666611666 116666

616666 11661 666 en Del 666666 1 666666. - 11666666, 1666 30. 66616111. 6161666166.

116616 . 1111. 766-61. .
g *1766 (16616666666116166616,1161666666.1166666666,116666116666666666

m. ss. 616116 6661666666666616166. [6666116666661166166 um, hvorledes 666 skal 166-
661666 6166 661166666666, 6661166 61666611166666661111666 1666166 1166666611 Η6. 766661

1111616661 66166 11661, 666161 61166 1661661. - Rerum, 1666 30. 666 Iulii. [1161661166.

1166116 . 1111. 759-60.
8 *1766 66616666666116166666, Η61666616.6.Β116666666,116666116666666666,

m. ss. gJ'ure 1111661161, 61 Η6. 166116 116666 666 616 11661666 Fru 6166661116666666116666
116666 1611666666 661 (1666 1 66666, 666 666 16661 6166 66666, 66 6661616666 616 over det

6666, 6661 1666616166 66666 6666 1166116. - Β6666161, 1666 30. 16111. 1116166166. 666166.

1111. 768-69.
*1767 6661666666 1161661166, 1161666666. p. Β66666666, 116666116666666666,

6611. 61666 6111661161, 61 Η6. Lagbe Brade 666 616 6661666 116 61666611 1666666611666
vogno 16666666616 661 [6666161666 16611166116166661616166616666 66 111 111 suar,
at 666 616166 66166 66611661 Fru 6666611 66 Η6. 1666616 Bam, 66 666 6666 61611666
Μ1161616666 66 Ρ66616. - 6666666, 1666 30. 66616111. 61616616166666661111.757-56,

*1766 11. 6666116 Ι. 1116161166 11611 11616166 61. 6., 61 66 1166616 6611666666
have 66661 6616166166, 6661 111 1666 6616166116666, 616676616616666 61616616666611161ς
hau 6616166 66616661666166666, 61 11666666 1116 661666 detes Fisk 6666 111 8116616. --
Vltima Iulii. (81611611.) 166166666116661. 1111 11616666 1161666711. 211—13.

*1766 1616666666161166666 16116611. 666. 111. 166 6661616116, 1666116661 666
har vaeret 666 Vejen til 66661661, meu 66666 1161666 666 66666 6111616666 [1611166666;
666 66 66 166611116666 111 wittenburg, 1666 666166, hvis 816616666 66611616 1661616 666
1666 16166, 611666 111666666 16666 166 666 6111616 166 116666616166; 666 666666 166-

616611166 Ν666666 166 Τ66611666. - 1111666661, primo Augusti. (16661.) 6666666666, 661.
116666666161611. 15-18. Corpus 11616666166616 111. 621-22.

*1776 11. 66666166 1116666 161166 11. (166111. 166 11666 6611666166 med 6666
0666166666 1 66666 61666 Ε166616666 66 6161166, athan 66 616166 6166661 1 61666166 616

111 1166666. - 1116666666, 666 666166 Augusti. (Tydsk.) 6166666666,66111161666666
ῃ. 109 1(311771. 11. 1666666 6666666666 1116161166 11. Chr. 111. 661 666 16666661, 61661

1166 1166 161661 61661, 66 616 616 Ρ666166; 666 666616166 616 866166666 Μ. 16666666

1111611616, m. m. — wittenberffi 111. August. (Tydsk.) 6666666666, 661.111666611616161.97-99.
11611. 8166166 1111117111. 405—406. ·
*1772 K. 6666661. 6616166 1111166 Ν116666,Β61611666616. 61116666, 61661616116-

66666 611666 61 66666 Fisk 111 816616, 66666 661166661 666666, 6116661 66 1166616 have

1661661616616661 1 111666 17661666611666 111 7666666. - 6616166161, 9. Augusti. 18166611
1611166666, 116661. 1111 11616666 1161666 1111. 213-16.

*1776 emus {mnsszuuu 1. Β61166, 1666 61666666 1. 8166666661, 1116666
1666666666 t. Eggyhierre, 6666666666 1616616 1. 06666 66 6661166 666666666666 1.
6666666666 6611666 11661 661, 61661666686666616661116666Η66666 666666 66666166

66611661 ’16666166Μ661 661111166 666666 111661. -- 6161666666, 11666. e. s. Laurentii 6666,
5661116666 t. 11661 11161. 66166. V. 135416.

 

