11000 (1001011111 0110 1000111. 33

1538.

01113111101111011100 001 010110111001110311 1011 010 010101110011111111 010 110010 Ρο11
1 8100110101 03 110101 bam 10101000110 013 101 1100111011 1111011110 10100 8001010010 03 Η1.
13330 1110111110 Bam. — 8103010110, 111101. 0030110 dag. 1100100, 11101.111110011.1.411-13.
374. 11. Gna. 111. 00110101 111. 101100 11001100, 01 8111111101. 1 111111, 1110100 11011111.
11001011, 10011310 111 111110 1101111111 11003100313011131 1100131101 1 811111 101 Dr. Ρο111100-
10000, 111 01101 11100 11011, 03 111101 ham 111101 100111 000, 111110 11110100 81011100 “

111111 80301101001001. -003310000300, 001 1000103 001011101111. (1110031011.) 1101010001οτ
1018110113 11. 131.

375. Κ. 00011110111011 0101111 110111 1011 0011131101003110 1101111 1 1100111111 1111111111.
0001011 0011031101, athan 01101 0011100111 10 00100 1011131 81111111 111 01 03030 110010111 1

1101111101 03 10100130 10 1011130 810100101 1 11111110. 0101 Μο1 03 11101101. -0011 16. 01101101.

111. 1 11011οι11, 11111100. 0011. 11101. Ι. 70. 1111. 110010001100, 10001. 1001. 00010111. 2300101111103113 00-
111103ε 28, October.

376. 11. Gna. 111. 1001001110101100 11001100 141Ιο 1010101033 001113 01Τί00110 16. Octobr·
iAalholm Len. — Kiopneltaffuen, odensd. p. Dionisii. Udt. 1 00110110 1103. 4. 11. 111. 237.

377. 1111001 11001, 1111111, 1110111111 101Εο30 111110 1. 1101100, 011100 ikke 10011 17- 011111-
1111131111 111 attale 00310 »01010011311011 med ham, 10 001031 011 01101 110111 1101130
111 1101001, 003001011 100 000111, 0010 Esges 1100110 301 10000 111 1111010 1100 11000

111301, 03 heller ikke 100 31010 111 0111111131. - 110 11011003, 10101.11. 1. 0. 00111 10311.
11101 8111100000, 11011101 Ι. 104-105.

378. 0013010101 Hans 01100110 0110010103 111 1111111. 111. om, 11101 101 1100 0110010111.

11101 111 01013101111010 001001011101110011111.-1Ι11’001011000, 00101101.) 1111. 1 wine, 110-
01111. 01. 811101011011111011311118. 22-25. 11111. 111. 134.
379. 10001000000111110011110001011101110110001101010110Ηο11100111001 18- 011111-

110011101111111, 0001 1011110100οη 01 1100101010 11011 101 010 001 01113011111011011 10 00010,
03. 1110010111, 111 0000101103, 03 0001 11010111 Η1. Ν1010 10101100 00111. - 0030000310,
am tage Lucae 0110113. (Tydsk.) 01010001001101103.11813-14.

380. 1111001110101100111 1100001010 111111113111. - 11001011001010101, 1011. 0. 111-011111·
e. s. Galli dagh. 81. 1111. 10100011000,110110111108. 130.

381. 7001010 0101010000οΥ 1110111111 1011 Thomas 0101011111 01131011101111111- 21. Octobr.
31101 med 810111. 1 Νο1011. 0010310010011 10111110 11. 0001111 11111. 03 110110310110 0111101-
1001, 0111311100 03 01110 11110 01 0001001110 1111130 01010101 1100 110110300011100101010

Frieri. - Compien, the 21. Os 00101111. (1111301811.) 81011000110.101.11111.110011111111111110111.
contin. S. 75-78.

382. Dr. 1001100110 10000 1110111111 Hert. 1111100111 01 1110000011, 01110111100110 24. Octobr.
111 13101Μο11131.ΑΙ1110011101010111100013 101 111111 11110130 110011. 01 1)00100111; 101011131

03111 han 01 10110011 11001 10 003. - 70010300, 24. 011011. 11310111 010101. 110131.
0111100011011 1. 0011111101. 00101111. 10. Hert. 1110110111 v. Preussen 8. 267- 70.
136. 00030011, 001 11 1000111 11100110 S. 254. · 23· ⁰⁰¹⁰bf·
383. 11. Can. 111.”0 8101100101οθ 01 1100111110 110011110111111103111.-1110001110Ῑο, 28. Octobr.
S. Simonis 01 111110 ap. 1103. 1110111111. 1110010001(100,Αι111. 0001. 0011. 111. 236. 1111. 0000110 1100-
011111131011. 1535-50 S. 60-70.
384. ’1001100 1101010001.ογ 1110111101 1011 0111100011 0113. 10 110 1100011 8110 1. 111111·
310111 310110011011 101 01 1101111110 01 0131001101) 0101101011011.011111100003110110310110

0111011001. - 1110011100, 1111 1. 01 November. (1111311011.) 01011 [0010. 10111111. 110011 10011111..
11011 11. contin. S. 78. ’

negat Du. 11. Ser. 11. ἶ)

 

