10. iulii.

10. iulii.

10. 16111.

106 11666 (1116161661 666 166616.

———-——- — -ι--ῌ-η--ο-ι

’12511 11. 61111. 111. 1111616111666166666161611166161116Ν611166666 61 6616116 sig
i Fyrsiendnmmerne, dog athan anaegger sin Ordensdragt og 61161161 sig 116 11611166 ng·
Undervisning. —- 1166111661, 616 666616 Iohannis 1661- (111611.) 1166666661. u. 1111,
6616161616161. Nnnmnnni 1611611611 S. 29-30. 8611611601616166161. 1166611616, 11. 311-48.

*1260 11. (1116. 1111616161 Η1. 11616 61116, 81611. 6111111166. 8161, 6166116116
1666161616 »imbannata 66 1101611661. - 11166116161161, 6. 161166616 bapt. dag. 11161611
1116116611, 1161611. 116 11666616116661 1 1166111116 S. 30.

*1261 11. 0116. 11136 811116166111 111. Ρ616616666 616 1661661 116166166 1 866161
6616116161161 og 61111161161161166 61 16 1111611136 8161616616 6161666116 Penge3 tiilige
66161161161 166 iiam 616, 61 166 1611161611166 111 661166 1661, 11161116 161161 og Philip
Μ6166611166 1501161166 661116 1 8161611611611161661161, 6661 1166366 1111111 116111166611

1616. - 1166111116, 161111. 6.,161611111611661. 116161.) 1616661661.116666616611611.1.235-31.
1111. 111611, Studien xxxviii. 287.

*1262 11. 6116111. 66616161161161161166166166, 1661616166161, 1161661111. 161
600111. - 1166116116, 1161. p. iohannis 1661. 116116666161666611196.

’1266 11. 6116. 111. 1116111161 Η611. Ernst 61 1111661613, 61166 ikke 166 61161116
1111661666, 161 166 161 661111611616161 111 Petri Pauli Dag (29.16611 i 1166116 1616616161
Μ616, 1161 1616611 og 1161111166,7 11116 6116616 1116116111 16166316661116116 666166 666
ng 0116161616166 666166 66166 8116, 11611. 11661111 6161666611111613 61 1166111166 111 1616
1161 1 1116661613. - 1161616161, 6666616616 6. Iohannis 1661. 66166161, 6161616661. 6161166616.
11. 962 -63,

*1261 11. 0116.111. 1116111161 111.Ε61161111116, 81611. 6661111166. Sint, 61161
1166616 86616161, 6616 61 6611666661 1111161616661, skal 6116616116666661161166161 1 161661
11106161. - Flensbor9‚ vor Frue dag 1161161. 1116161616. 116 661611666161. 111. 263, ⁴

¹ *1266 11. 666111. 11666161 1611666 1111666, 11666161, 61 6161 116 iiongen 111
11616111161Ν1. ’12641 og 16161 1616 6166616161, 1116166 61 enig 6161 11611666, ogi
1661661 Fald i Kongens Nnvn 6611 6111116 6111161 111 116116 111116. - 1166111616, 1611166
(lag 11811111. 11616161616.116 661611666161. 111. 264.

’1266 6666111111666111166 vidue, 61416666661661 6111161616, 61 1ο 666116
10611666116 og Fiintinge 1111116 16616 616616166611161116 166661. - 16161. 6. 816111
og Pauli Dag. Brudst. Ι 1161-1661666666,116666161161 S. 110-111.

’1261 161111 1611666 61166161, 61161 11666666 0616111163, Η1. 1616111116 6161-
161616 20 1666161 116116 111 11611. 6111666666, og 61 1616 161 11666116 866161616116616
11666666 16166161 666 611 81111 1 1111116. 611611661611666, 11161 161 ikke 16166161 saa
mange 1611661616. - 1161166661, 1161. n. 6. 1611166 dag 1161161. 611116161666666616161166.
111. 261-66.

’1266 11. 11116. 111. 6661661161 661111 0666 1166161661 111. 161 2500 11. (111,

1661 611166 6161 661611611616161166166. —- 1166116116, 6. 11661 16616166 dag. 1161. 1 666616
nug. 4. 11. 11. 213. 1111. 116616 116666111166161. 1535-10 S. 269.

ninii. 11. 066. 111. 66616611618666161166 111111161611616666 1612500111. (111.

- Fimbortq, 6.,11116111166316168. 1111111666116116161, 11, 111216. 1111. 066616166661111661611.
stiffi-w S. 269-70.

’1210 11. 6116. ΙΙΙ. 6661661161 111611 111. 111 11611611 116116 66616666611661166

116666 161400011. 611, dog 61 166 1666166116611166166 16166 1111611166 061611611. -
Ρ161616116, S. Knud kongis dag. 1111116661611661611221.

 

