642 Κο11 11111111 111 111111.

38111111· ’1681 Κ. 11. 11. 311111111111111111111111 1111111111131111111 1 Κ111111111111,

som Willum 11111111 1111111 111111. - 1111111113, 29. 11111. Archiv 1. 1111111111 og
Chemi 111111. 255.

2111111. ’1681 Κ. 11. 1131 81111113 111 Ν1111 Κ111, Κ111111, 11111 (111111111111, 1111111,
1111111111, 11111111, med 11111 11 1113111 11111, 11 1111131131Μ1111311Κ1111111 81111,

som Κ1.1113111.3111 til 0111311111 1111 11111 1111111331. - Mammam, 129. 11111.
1111. 1 1111111 1113. 111118.

6- Augusti. *76811 0111111 1111111 111111111 1111111. 11 11111113, 11 1111. 11 81111111
8111111111 1 111111111, 1111111111 11 1111113, 1111111111111111, 11 Κ. 1181111111 1111111111

-—.-—- .. - —.-—-—....—

111111111 111 111111 Κ1111111111 11111111 1111111111 Κ111111 1111111111111111. -61111
1119111,116.1111111. (11111811.) 111111.111.8111111.Κ111.111.155-58.

8. Augusu. ’1681 Κ. 11111. 11111111 11111 111111, 1111111111. 11111 13 1111111111, 11
11111131 Κ11111 811113111, 111111111111 1111, 111111Κ11111, 111111 11]·1111111111131
1111111 111111, 11111 1131 11 11131111 111111Κ11111. - 18. August.) 1111.111111,1111,11111111
11111. S. 28-29.

11· 11111111 ’76811 Κ. 111. 11. 1111111111 Ν1111 1111111, 1111111. p. Η1Ι1, 1111181111111111111,
som 813111111111 Η1. 111111 1111111. 111 11131131 1111311111 111111 1111111111, skal ligge
til Slottet. — 1111111111, 11. Aug. 1111111111111111111.111.

1211131111. 3597. 1111111111. 1 1111111111, 1111 01111111311 1.[11111111113111111111111.111811111113111.
30-32. 1111. 1 11111111,511111111.3110-302.

1331111111· *7689 1111111113 11 11 1111111111 13 1111111111111111 (1111111111 om 11111
Μ131113111111111111311 111111111 Κ. Fr. 11. 13 11111. 111111 1111111111 113111111 111111 11111
11111. 11111 d. 111111. - 13. August. (Tydsk.) 111111111111111111111,11111111.-11ο11.-111111
(1111111111. 11, 2. 131,

1111111111- *1691 [1111131111 0111111111 11 (11111111 8111111111 11111111311111111111 111111111,
111111 hun 1111111311, 11 1111111Μ1111Η111. 11111111· 1111111 1111 111 11 311 111 11111
1111111131 1111131111 11111311 111 11111. 11111 1. 111111 111. - 111113. (Tydsk.) 1111111111.
og 111111111111111111111. 1. 11111111.·11ο111.·111111111. (1111111111. 11, 2. S. 33.

111-1111111· 7691. Mons. 1111111111, 111111311111111 1 Pelen, 111111111111111111111 11131111,
11 111 1111111111 6111111, som 1111111111, 1111111111 1111111111 111Κ. 111111111111111111
13111111311111111111111111.- 111111111131111. (1111111111.) 1111311111, 1111111111 1111111
monumenta 1. 1511,

1111131111, ’7692 Κ. 11. 11. 11111111Β11111111111111 13111311 8111111, 1111 1111111 11111111
3111 1111111111 111 11 311 111 1111111 1118111311311111 11111111311Κ111111181111.-
Fridertksborq, 1. 18. Augusti. 111. 1111111111. 11. 111.

¹· septbr. ‘7693 Κ. 11111. 11111111 Η1111111111111111111111 1111111311 11 1111 1111111311 11
Hospitalet 1111111111 311111111 81111111, 11111111 8111 13 11111111111111, 13 1111111 111111

1111133311111111111 111113 1111111311. - Promotum, 111111 1. Septemb. 1111111111. 111
(1111111111111. 111, 1111. S. 65—66.

1, Septbr. *1691 11161111111111, 1111111 Κ111’1 1111111111, 111111 1111111131111, Christoffer

(1131111 Stob 1111221111, som 11111 111 bruge til 1111113111. - 1. 8111111. 1111111
1111, 111111. 13 1111311 11111 1, 8. S. 156.

6. septbr. *7695⁸ 111111. 11111111 111111 0111111111 6111 1. (1111111111111111 111 11 0111111113
1111111111 1111118111), at 1111 1111 11111 111 11101111 111 11. 1111 111111 11111111 111111,

 

