444 11444 1444444 444 4114414.

—-—-—-—-—-———————-——-————-.———- —-.

1566.
29. '³⁰⁰⁸‘ *5262 1111111. 1114111441 11441411 11441144, 41 1144444 1 14134 1441141414341
114 11444 8411443414 41 4441111434143114 (1444143 11114434) 1141144. - 1144111444, d,
d. 29. 1411114111. 1Τ41141.) 11414441,11141.111144411.2111519-20,

1114344444. *52111 014144114444444 4141441 1111111 1111, 41 Jacob 1114114144444 4431411

4441444414 41 141141 1414131 41, 43 1143414141 441 1141434441, 4414 1133411 8444411144 43
1141 11111411 111411 1444444. - Uden Datum. 1844441.) 1141. 1 11141. 1111111. 11111, 2. S. 22.

34111111. ’5211 11. 14. 11. 11414141 Daniel 114441144 41 1143144 413 111 114111, 44 1144444
44 41 444 111543414341. - Koppennaqen, d. 30. 1444. 114441.) 11111111, 11111 1111141111.
21111120.

31. 141111. 15212. 11. 1141111111. 11141114411141144314444, 41 11411 411 sende 141414114111341,
44444111444414414 4444411144 4311441441, 111 14111413. - svumss, 31.Jan. 18444411
1114441. 1 11141. 114441. 1111, 2. S. 9. 11141. A

31. 144411. 5213. 11114141. 1111141144 114441 1141341114444114411 414 411414111434 1144344 141-
41141113414441411314441, 1144 141 41141444 1444, 1444114414 44 44411 4444144114411141414414
zu 1101111811. — (Helsinqborq)‚ 31.Januar. ffydsk.) 1141. 43 1114441411. 1 1111141141. 11141. 1111414411.
2. 11. 1. 520-21.

sanum *5214 11141411. 11144144, 0114141, 114441 1141341114444114411 4314141 111144 441
41 4441114 44314 1414441143411 441111441,444411411141144344 1141 14441411411444 ham ·
4441144541411814141141114111141114111114141144. -1144411414111, 114441.) 11411111,
11141. 1111444111. 2. 11. 1515-19.

144111. *5215 11111. 11. 1143144141 41 444 14441414 8141141441 11141441, 41 441 444414 ’
84444144 1111114114 114111 41141 4144111144 14431441 11444 44444444 1144444. - 4444414444,

’ l. Febr. (Tydsk.) [141.184111144,1411.1141144.(14441141444411448.118.

1,.1111. 11216. 11. 11414 ΧΙ1. 1114111441 (11141411 114414 414 1415414441441 111 11444444 114-
111414143, 44 44 1144414 1114 41114 1441444 413 444114444444111444114341. - 8144114414,
l. Februarii. (Svensk.) 4141444411, 14441. 1 4441444. 4111414444 1111111411. 130—31.

l 1411. *5211 Ν1414 844111 1114111441 11. 11111 1111, 41 441 1114 41 1144481414, 410141814141
43 1444144314 1114414114411414441111411413. - 81411411, 4. 1141114411. 1844441.)
114441. 141. 8144411141. 11. 81-89.
4414114111. ’5214 Μ141111111414144 414144111. 21111111. 441 44 Ν414144 14414141 1141144-
marchen. — Uden Datum. 18444411 1111111111111141. 4111, 2. s. 23.

11111· ’5211 11. 111. 11. 14114441 114 4444 41444441141, 444 111444 41 444 81444, 1144
114444 1141 444 114444144, 41441141113114444 418 111114344144 14141444 1141144 4311 111114-
344144 111414414441141144, 44341144 1114 54141141413 4144 444144431144, 4441 4141444

644144 444144 111 11114144. „ Hafflnioe, 4. 14514411. 81.414111441111111144144114311411.
11111- ¹¹· 28 29Ιρ5280. 11. 1111111111. 11414141 814114144144 444114144181414131444414431444,

414 11. 41 [14414411 414144 41114 44444 1144454444 143141 111 114141418444. - 8144114141,
1. 14111. 18441141.) 411111. 1 4111. 41111. 4111, as 141111.

7- Febr. *5281 111111. 444441 4184411444 444141 411443111444441444444 11111144141311144444
4314344441 11111445413, 14141 44 111414444114114414141114441141411434441144444 111
44 444 [1414414114141 1 11111445413 4144414444 11441134 1144413 4. 11441144 43 141444 4.

1141441411 4411. ’51111 - 114411, 4. 1. 1451441. 114441.) 414111 1. 4. 11411. 411111.
1111. 425-21.

 

