1558.
8. 110011.

8. 110011.

10. 00011.

12. 110011.

12.-21.1)0011.

11010 (11110111 001 Timere.

, 13518. ii. Crrrr. 111.’0 00110 Β100 01 8100110101100101011110110111111108111.
- Koldinthw, ihenn Vlli. Decembri& 1101111011018011.111331-32.

13519. 1111111 1110011011, 0110101. 0011000011111101111,1100111101,11-
01001οΒ100 01 101 101101 dem 00 100111110οη 000110001 8101111110 0001010101οῑ, 1
10100101110111. 0. 1000181010, 111101011011. 0111011011, 0101 101100 1010010111111110

111010(10001110101110101-11001011,10000010001110111. 1101011 meremur, 01010 u.
1111. 11211-12, 80111001, Archiv 010. N. F. iii. 250-55.

*3520 ii. Cnn. 111.’0 00110 0100, 11800100100101 1 (11111110000001010 den
1000111011 1101101110, 001 100111 1010011011110 00 001 Η1. 1000 8110110 0110110010
1110100, 1010111110 10110 0111000110, 000 01 11000100001101 1 1111111 0101 bruges tii
81010 00 01 101 110010100 00101100 81010111011011. - 1101100100, 1101. 1. 0. 0111001οἰ
ep. dag. 11111011018011. 3. 11. 111. 189-91.

1645. ,1101011110οι0 0101 1010110101 0001001101εο 0111111 11101101 1101101001 0011111011οε1

guterri„ 001 1 01 1110101111 111 010001 1100 01101100 1011110010 110000 00 01110001 10100101101100100
110111. 8080110001-110101. 110011010110110110 1193 8. 282.

13521. Heri. 10011 01 8100010 00 Ηο10101 10110101 1101011. 80110 1 11101, 01 1
10100 1110100100 01 Heinrich Rantzow tiikommer der 110 1111101 (1 1110111 1010 0011100

111110101, 0110110111111110111. 0111011011. - (1011010110110001101). 1101011 0101
zeitschr. i. 8011001.-110101.-1.01011. (10101. 111, 80001101. 811.

*3522 ii. Crrrr. 111.’0 11011010 00011000110101111011010. - 1101111001ωο, 100011.

0111811100111 00110001111111110. 810110111, 110010000111001010 8. 279-82. 1011.1111010,110000111010
1110010001 1556-60 8. 230, 111. 3.

’35211 Νο010110 1110110100 11100 111 Wiiiiam Cecii, 10011 101 11. 0. 0110101 Κ.
Chr. 11110 1101111, »som 001 01 101 Μο11 101010 101 1000100. - limeis, 12. Dee.
11100101.) Udi. i State Papers. 100. ser. 1558-598.21-28.

¹ *3524 101101111000110110111011111101101111111011011111001081100010
00 101 erre. 0110001001010 1010110100 000. 1000011010ου 01110001 00 3011001001υο 101

1101111110οη 0101 1011101. -- 111101, 12.-21. 110011.) (Tydei.) 80111011110010. 1. F.
rx. 1000-1100000, 011-00.

1651. 11011 01101111 111101. 1119 00 011010 111111. Dan. l. 603-31), 0011001000ίὶ Lemnii.
111590, 1642, 1643 00 1670.

ἡ3525. ii. Crrrr. 111.’0 00110 11100, 01 101010110 111011110,110110, 1011000101-
010110 011110 1000 10011 1 11111 11011 10110110οἰ0 01 1101101 01 1110111010, 8111101,

00011000 0010110 80010. - 1011001111, 0110100110100. 10001100,001101101110
11110 810100 11101, 1111. S. 11. 1111. 1 1010, 1111011. 01 11011110 S. 135.

*3526. AErkebieiop (Wrerreerr 01 Rigas) 1111111110 111 101 (111. 0110101100101,
10011 101 011010101 80110100 110 010 0011011. 01110101001001111011 1110081111, tii 11.
0111011011 0011 011001101οο1 01 10 101010 1100011101 111 11101011 1010110010110101101
81101011. -1100011010,1101101. (Tydei.) 8011100, Archiv 010. 111297-99.

’3521 1111111110 110 101 uri. 010010100101111 1110110001 101 111001, 10011
101 0110101 101100 80110100 111 ii. 0111011011 0011101 1101110, 1010101 1010100010

101010 1100011101 0001010010000 111 111011110101110010 811101011. - 11110. 1. 11010,
1111011111. (Tydei.) 80111101110110010. N. 1. 1. 300-302.

 

