110110 0001011111 0011 Τ110010. “ 211

1 2.
2468. 1000001111 110001 1. 011001010030111110111001101 0110110101 010 1. 010101- 11111111.
1011101000110101 01111113 03 10101 0111011110 denne 50110101 1 1101110 11101 1010 11100. -

Eumeda 11001001, 0111100080. 0. 0. 1111010 dag. 701101 5101000110, 10011110-1111011010.0101101101ῃο
¹¹- 3⁰ 31112400. 11. 000.111.1101010110000111001101, 1111111011. 1 1100011013, 01 1110111030 03 25. 01111·

10110030 31000010 1110101 11011. 110010 01 80011000, 1101 000 0101111010οη 1101100300 1 Nyborg'

1111010010 111 1100011013 0111811030. - 03111113, 0001. 010 heiligen christtage. (Tydsk.)
1011011000110010101. 1100111013. 11. 547.

’2470 Hert. 110001 018100113 03 00101000 0101, 111011 han 010010010011111010 26. 01111-
10010100, 111011011ὴο San, 111 010 110011 03 Μο10110111 101 10 1101 03 10110001 11010 med

1110110110. - Gottorff, 011 den mont. 0. ,11. 10111300 0110111130. 17111011.) 10111011. 1. 8111001.-
110111-10001111. 000011. 1. 100-102. “
1114. 8100100000 0381301000011,1.0100011. 1011010011 1. 67-60.

’2471 1000011 110110, 1101000100. 0011101103, Emcfl Rosnmfflmz 1. (1101103101111
0. ss. 1111010110 11101 om 101300 11001110 710001,Μο11 110011, der 1101110 10101011 00 Pige og
1011010101110 10100101οη00. - 1101110101, 01100 1103. ,1010010101110111111101100.

*2472 111. 11100110 01000 t. 80110110 00103301 111110110301111. 00 000111 11101111
1110, 00 1100111 03 01 Bo! i Windstrup. 111111 0101101113. 11. 140.

2473. Bau. og 11110 1 Ν100110 1001001100 1000103000 101 81010000101011 03
100010100 1 Ν111013. 81011. 1. 110111 0111. 03 1011, 11. 193-95.

’2474 1103001011 0101 (1033001110) 1001013101 03 1111311101 1552, 011031 0111. Tomos -
1110010001. 1111111111. 80101. 3. 11. 11. 179-80.

0. 1552. 01051.

2475. 7100101110 1101111111010111, 111 quo breviter indicatur, quomodo superin-
tendens 0010 101110 0001 dioceseos ordinibus 03010 01 officium suum ad gloriam Dei 01

0001001111 00100011000111301010 debeat. 111111101111.80101.1.350-51. 1011000100 03 10101 1101113111
018. 698-99.
’2470 111030 110 en 0001100110ηο 0101 1013110110 110111, 0010 1101110 10030101 11001100

111011 03 000010 00110031 ham. 11111 810001101101110011. 111-110.

1553. 1553.

1116. 100011ζο0 1111001111 11. 000. 111. 11010101 flans Tavsen 01 11011010 1 0110 0111111·
11 1111101 1Νο110- 03 8001011111000, som 110 30011001 Tid have 113301111 111110 81111, 03

1011111101 0011101 01 11101110 ham i 110000 hans 101113001011011010100.-11100110101111.8001.
11204. 701110110Ιο0 1 1111010, 110000111010 1101110301 1501-55 S. 205, 10111. 1.

2477. 11. 01111111. 10100001 Η1. 101101 03 hans. 111101100110010, 8030001001011 0111111. ..

110110011οᾱ0, 11100000 1011 0171001100 01 1111011031 8030, 101 01 de 1000010110 00110-
pellan· —- 113111013δί01, Tirsd. 0. Nymarsdag. 80101. 1. 110110 11101. 03 7011. 111. 203. ’
2478. 1011001111 8111100000,1.0001011. t. Naesbyhoved‚ 0101100101111.1.001011 100- 3- 111101.

01110000 11οΙ3 111 11001 1 110110 03 1101111030 8030. -’- 0111100110, 11111011.0.Ν1110010(103.
findam. 11111 1111000111. 2. 11. 11. 550-51,

2479. 11. Gna. 11le 11101, 01 Μ. 11000081001110311, 11030 1 111110 1101011110, maa 5101111.
1111011000111033011111101110030000010101, 0111101111. 000110 70030000, 81111010 8011011111,

27*

 

