474 Kone 1116661111 6611 166611,

1111011· 0646. 111611. 11616161 16106166 1 01116 61 1101161616 5000 3606 161616163661
061616 111016101616661006666.- 0606111613, 0. 2. April. 11111 1116161 6116611611, mer.
111 006666 11166 0111. 111, 1. S. 88. ,

31111111· 0641. 0601160606 11161 6186611666 6016161 616 0611161163 111 111611. 6161
1166066 116606 6616 6111106116 11106666, 06 hun 6101161163 116606101666 0116 811606-
1131160; 1166166161, 61 06 1666111116 66116316 1166 en 0. - 3. April. 111061.) 1111116163
Udt. 1 0161161, 1666 0116111116ου 16 81611666 S. 260.

4. 11111116. . 2438, 0161161106101111,0161.1111066111.2.0.111110-111.

1111111·Ι 0648. 061661011111111111 166006161 11. 8131616660 6116166, 61 1166 1161 assentit
6166866061υο 111116061663166666 1811616660, 63 6111610161 1166366 111 113616066 6161-
1610136 6166 1166660161, 666 6106166661616111 31606 d. 11. 1061. - 1161, 0. 5. 111111. (Latin.)
001. p. 81666111 011166, 161666 66101116 16111116116166111116[1663166666 1 8161116 1570 S. 12.

81111116. Ι 2439, [1666161163.4.11.1.2’15-77.
8. 11111111. 2440. 0666161163.4.11.1’.217-18.

9111011· 0649. 11. 16. 11.’6 0161 1111611666 11116 6316061016, 111611 1166 111166061, 61
061 666066 2000 81111161 111 0606616163 61 1336161166, 616006161, 61 1166 har 116101 Daniel!
0661666 111 613, 631606116061016 616 6161161616116011606 613 1166 ham. — 060611611611,
111660 9. 063 Aprilis. Ilerdam, 0161. 1111061111. 2. 0. 1. 692-93.

11111111 0650. 11. 111. 1136 0161 1111116666 111666 Stin, 61 06 6116106 116606 1611611013

6161 01016666666 63 066666666 1106166. - 11606116161611 1161, 0. 11. 063 Aprilis.

Leerheeh‚ 111636 8636 S. 122-23. 001. 1111011 1166161110116,166. 6661. 06616 111. 409. 113611066οο
Breve 11 66611660611161 111 11611166 1 8116116606 6111163 1 816666 1 111 1111611161. 86611. 11. ene-90 113 721.

1141111111 0651. 11. 16.11.’6 0661611163 161 06616111166116161 111 61116116 66 Fene Hage-
6111161, 450 111660 616111, 1161106166 0666116 63 061106166 1106116. - 0066 063. nist.
11066111. 5. R. V. 510-11, 1111. S. 405,

11111011- 0652. 11.16.11. 11616161· 161166 11116 6316061016 61 111116106 0361. 63 0660 1
11111116. ikke 16160 0101666666 61 11661616 1161666616166 63116616166 11011116. 6160 066
1166111316 06116161 111 01666 0616616163. - 11616116οὸ611, 111660 13. 063 Aprilis. 11616661,
1111111660611. 0111.,111111. 63 01616 S. 211.

13111011· 0653. 11. 16. ΙΙ. 1116006161 Daniel Rantzow‚ 61 06111 1336161166 1166166116 5111116
111666 61366161611.1616063, 631610611616 61 66606 060661616366166061161161 1110616163-
borg. - Fridere'clnsburclt, d. 13. Aprili& (Tydsk.1 0610161, 0161. 11106611. 2. 11. 1. 593.

13. Aprms. 0654. 11. 111. 11.’6 0161 111 0136166061661 11111116, 1116111166 11161061061661616163
661 611606 66316 0136166061 63 01006166606111660 161361660 0661611 0661166 63 611-
161016101011611111611166 63 01616 11666 111 61 herede 613 111 61 01636 6160, 61. 61. -

Frederichsbory‚ 111660 13. (lag Aprilis. 0610661, 0161. 1111066112. 11. 1. 594-96. 00163 016061. 1
0111. 1101611, 1. 432.

15 epuns. 0655. 11. 111. 11. 11161 161013616606166 1 11111116. 616 11161616611166 6161, 61 111.
0116 1116611166 1616606111οῑ 613 16161 1101616 061 ham 6161016366 01611, 63 heder dem
61116366 0616666 1166 66 061 1061616660, 1116161 1166 166 6016136 0661, 061 6116116 666066
op til Norge. — Frederiksborq, d. 15. April. 01606163001.10161.’1106611.11.403.

11111011· 0656. 0111111 01616611, 0116161, 63 en 061110616 0616066660111611111611. 11. 11.

616 1166611163 61 63 1111636163 6160 06631666. - (6611661616), 15. April. 11106111
0111. 11. 06116110610661,11161. 1111066112. 0. l. 500-

 

