11111 1111111111 1111 1111111. 111

*- ——.——- ——n-——um---ss--nu

*73011 1111113111111111111311111 1 11813 11111111 11111 [111 13111111 11111, 31- 11111-
111111111111111111 Μ111111111111111 11111 1111 13 Sagen 1111111111 til 11111111 1 011111
11113111 111 1131111111 11 11311. 13 11111 1 011111. - 0111111,,1.31.Μ11“. 11111 5111111111,
1111111111. 168.

*7301 11. Fn. 11. 1111111111311 11111111 11 111111113111 111 1111111111113111 1 31, MaJi.
111 11113111 1111111111 111, 1111111111111111 1 111 111111 11131 1111111111101111111

1131111 11111111111110111111111111111. -01111111, 1. 31. Mai. 1111111111111111111,
11111. 1 011111 11311 11111. 11, 2. S. 181 -82, ·

*7302 11111131 11111 Brev, 1111111 11 61111111111111311111111Ρ111111- 1111111,
31111 1 8131111, 11111 1111111 1111111111 11111111131111 11111111111111311111 11111
111111, 1111Ρ1111111 iboede. — 0111111, d. 1. 11131111. 81111.1111111111.1311113111151.

ἰ , ’1301 1111111. 1111111111.11111111111111, 811111111131181111, 1111131111 2. 111111.
’ 1111 11 111111 1 Fyn 111111111 Ilus, som 1111311 111113111 11111 1111111111 111 111
1111111111. -· 01111111, d. 2. luni. 111111111811111111,111111.011111111111111112.1188-811

*7304 1111111. 111111111 Μ. 1111111111111, Laesemester 1 1111113, 11113111 311111,

1111111111111111111111111813111311111. —- 0111111311νά, 1111111111. 1111111111.
81111. 3. 11. lv, 529.

1365. 0111 11111 1 011111 111111111111111111111111111111311 1111111111111 1111111.
1111 1400111111, som 111 11111 111111111111311 1131111114111111 1 81111131, 111
11111 111 11131 111 1111111111, men som 1111 111111 111111111 11111 Friis's 11111311,
11111 (1111111311 som 1111 11111 ikke 1111111 111111 1111 11111. - [1111111. 11111111-
111111, 1111111111. 441.

*13011 11. 111. 1131 [11111111113111111 1 11 813 1111111111131111111111 t. Dyhek 111111.
13 1111111111, 1111111 1111111 111 1111111 111111, som 1111111111111111111111 Η11113

’ 1111111111 givet 11111 111111 Μ1111 11111111 011, 11111111 1131111111, 11111 (1111111 111

1111 11111131 11111111 11111113111 13 111311 11111111 111111 11111 3111 111 8111131111 111

¹ 5111111111.- 0111111,1.3.111111 1111.11111181111111111111111111.197-98.

*7301 Κ. 11. 11. 11113111111311 Μ111111, 1111111.1011111,11111111111111- 4. lunii.
11111 med 111111113131 1311111111 13 1111111111 at 3111 dem Mad og 111 111Ν1111111,

111111 31111 11111111111111, 13 1111113111113111111111111 1111 11111111. - 011111, 41111.

1111111, 11111-1111. 811111. 11 1111111111 1 11111113 111131 1.378-’19. 111111 8111111111, 11111. 1. 011111
nm 11111 11, 2. S. 185-86.

1308. 11. 111. 1131 1111111113 111 0111111111111111111111 111 1111111111111 med 4, sunu.
1111111 Hans Vandkunstner 111 11 1111111 1111 1 111111. 13 1111111 ham 11 1111111131

Render 03 311111. - 4. Juni. 1111. 1111111, 111111131111111111 13 811111111111111 11111. 11111- ¹
11111 S. 140.

’73011 11. 111. 11111111111111111 1111111111111111111111 1111111 11311111111- 111111,

311111 1111 111311111 13 1131, 1111111111 31111111311111 1111111111. - 011111, d. 411111.
sunl. 1. fyens 111, vm. 111.

*7311 111111111111111111111111 vidue, 11 813111111111 Η1. Ν1111 1111111111 1 111111.

ι 1111111111 111 1111 1111111111 8111111111 11111118131111 11111111 1111 111131, 11111

11111111 111 111111111113113 111 111 (11111, 11111111111111311111111111, 11111

ikke 11111 111 1111111131 11111 1 113111 111111. - 5. 1111. 1111.111111.1.111111111113
113131. 11. 25—26.

77·

 

