8888 1111118811 818 181118. 575

’6818 1188111 1111111118, professoris 8818188818, 8881811118 8818111881. 1188881113ἰί e. 13111.

11 syntagmate 8188 88 688118 Domini. - Sine 1888 81818. 8118111881.881111191-91.
1111181811 1111111118. 11111818. 11181. 11. 189 11181181, 8181118813811 8811811818 11181 1874.

· ’68811 1111811. 1188811181818881181111138811 81183888118818188811118811111181 1. 1118.
11 1181118811, 881 13181 81 8188818 188 8811818118181 83 8111883811 88181818181618181181
11118881, 111881 188 813 188 1181138118 8818818813 83 have Tilsyn med 1888 8188888381.

- Humum, 4. Julii. 1111811111, 111111188. 111111.8111.,11181. 83 Breve S. 255.

*6881. 88118188 1118881188 1838818 duci 8818818 scribit, (1118188888181811, 31881,
1181 per multos annos legatus 18318 1111118111 118818 188111, 1811161888νί8 8188818818 senatu

181888 88 agere, quae nomine regis agenda 81111. - 11811118, quint. 818 111111. 1183188
81188 1, 1 8. 111-18.

’6888 8811, 81111 83 81188181 1 1118818888 1181181188, 81 88811811 118188111881, 5. sum.
8318111118, 1118 818118 111183 1118118888888881018 1. 8188888181, 8818188181, 88 68818
1 8188318811 1 8818111381, som 1811118188 1188111 8111 11881181 111881, salig Μ. (1181811881
18881888, 1818818111111111 1118118. - 1188111818, 818888. som 118811818181881318111 1181181181.

1 1181818111. 111681818811811. 1111111. S. 55-56. [181. 1111 1111811181. 811111. 1. 868.

’6888 11. 111. 11. 11811181 11818188181811 88881 018 81 8118818838 811 111838 81 Ρ18- 6. 881,
1811818818 1 11111118. 8181 1813811 11818118, 8811888188. p. 1188111818 8181, 881 11388881
88113818 1881188118 3181 88111 1111181183 1118 88111318888 1118688188, 11811188 811118-

11118 1811831188, 83 88111 11338 111 88818 111118, 1181111 88 have Jus patronatus. — Frede-
11811111811, thend Vl. Julii. 1111188111, 1111111118. 111111.8181.,11181 83 Breve S. 256.

*6881 8811 131. 88118181 118111 8111118111 8811881 88118181181811 8811818. flans 3, 888,
1181111811 118111 81 88 131. 811118188 111 1181818818188 ang. den 8811181888 881113188 81118888
1188181, 881 11338111 18818 111118, 83118881 111111 om 111118 8818111 1888 8818881888. -
Frederichsbom, 8. Iulii. 1111188111, 111111181. 11811.11181.,11181. 83 81818 8. 257.

*6885. 111811. 1111138118811133818818118188, 11818118 o. 11. 8181 1 8118181188 ιο, sum.
8111 181 181183118881111, 81181 8101811138 18188 1831 81818 8181 111818 18118111 81118 1
1181131188. - 110. suli.» 1181. 1611181888811, 8118118188 81818118 8. 45.

*6886. 8811. 8188 8111318 81 8188113 83 Η8181811 1181181181 8188811 AEroeskjobings 10. 1881.
81188181 83 Ρ1111183181; 88118188 818118881381118 1 11811118 8188 1811188118811 11181818
1838111318188188 8811 11318118, som 8811113811 81181111 18381111 813. -8811118161111, 8.

10. Julii. 8181116811 8181111811, 681811. 8. 81181111 11. 81181-11881118 8. 88118311. 8811188113 111. 868-69.

’6881 ’1181118118 1811881888, 1111181811. 881818, praepositis litteras regias 181. 300111 181118.
811111 iisque injungit, ut pastores jubeant, 118 quid 8811118 1188 1831818 mandatum 188-
1811 888 (188111 ’81811188188 juxta 6881888188818 1838818888 181118 institutionis populo
explicent. - Lundoe, X. Julii. 81181111,11181.111188111.8. R. 11. 421—22. '

*6888. 11. 111. 11. 11818181 8381. 83 8888 1 8818111381 81 1888 188131138 8118881 13. sum.

118118 111111388 83 8811188 1811188 81811; 18111188 8811111138, 818118 88188 81811 88118188,
83 1111888 88 818811 11181 18188, 818118 88 118888 1 811881 83 88111188. - 8888888181,

² 1188811111111111. 111818181811168118118811811.111,’1111857-58. 1811181118.8.581188881181.8181

1111381181 11 1111381188 1113 111811, 11181188 11811188, 1181138111111881, 881 8118111 1818 18111118 83 8881811888

= 18188 1111138, 11888 111188 118118 11111188 111 11181.)

’6888 11. 111. 11. 1818181838. 83 88181 88181838181111118188 88 888811888818, 13. 11118.
88118188113188888 81118 818 181818188 83 11818 888881 8131 88188 81, 81181 1881811881-
8888 111 888188113118 1181138 1111188 8318188 113 81181 1888818 1111188188813, 831118

 

