382 11666 16666661 666 1666616.

12ἰ-6ἰ611 14536. 1661611. 11616166 116616111661666 6111666666 111 613. - 0666166666, 1.
23. Maji. (Tydsk.) 11661666, 11161. 1111166162111378.

2111111- *tata Grav 116666 61 Ν66666 666666 6666 1111611166 61 86166661663, athan 16161
11611666 6661166 661 61 tjena 66166 66616666 166666 6661 (166666 63 116663 6. 116116, 6166
61 1166 ikke kan gjare 161 6166 1161666666- 8661161116. -— 111666, 21. Maji. 1Τ61611
1166111666 16166161666 &orange-[taam 1. 105-101.

28. 1166. 14538. 11. 11616 11111. 11616166 166 16616666, 816116. 6. 11616166, 6161616661161166616,
6661 11666 Tjaneste i 866613 som Skrivare, Opsynsmaend 6. 6.6., saa 66661 1166 1166 11161161
166,61166661116616166616 1661166166616 Side. - 11281161. 1866661.) 1111166161616,
11616666 616116 11161. Vll. 8-9.

28. 1166, ’4538 1166 1666661616166 1116661163 111 161 1166616116 flos, Η666166166, 1116161666
11661. August 61 86611666, 61 166136. 61 1166666 66666 61 villa 61616 1161661161 66166
11631163 16611661116616661 63 866613 166 613 6666 666 1661666166. —- 28. Μ61. 116161.)
8661616111. 631111. 1 16616161. d. 6116116. (16661611398-99,

31. 1166. *4548 11. Fa. 11. 116166-1161166 63 16616666666 661 Univ. i Kbhvn. 6161616116 61
Μ636611116 1661 11. Η1666616166 11166666, 11666661 16666 1666 166 861666611616116611666,
1166611166 66 1166, 63 11616666116161 166 (16661 1 11111166, 66611116. 1166666166611611116616
hatti 16636 611166666. - 1161666166, 11111111163111611. 6661666116666.1161611166,
Atta. 63 116666 S. 1115-118.

1116611. *4541 11. Fa. 11. 16613166, 61 ,16666 81161661 1 16666163 6161 0116661 Daniel

· Randtzow 6161 616636 66 1161661616 1661666666661816666, 11666166 6611666 6161111666
“ 116166616661661611661666606166.- Kiopaeltafftt, 111611111163161111. nardum, nist. 111116-
6116. 2. 11. 1. 378-79.

1116611. ’4542 11. 11616 xlv. hasaler Wernar 816116 63 1666 81661666 61 6161161136 6116
166616 11666316 666 (16661 61 1163166 661 1666111136 1166613166166166611 Sida. — 6. Junii.
(Svssnsk.) 1166161. 63 1111. Ι P. v. 11111166, 111161 86116616 11161. l. ala-la

13-16611. *tata 16611661616611161 61611661 11. Fa. 11. 63 816166 1116666 6161 11. 1161111111.
61 866613. —- Kappenltaqaa, d. 13. tuni. (Tydsk.) 11616663666361166161166 maa-ala
866161. 631111. 1 0661166666611. 1. 66111666.-116161.-16116611. 8666116611. 11, 2. S. 1.

13. tuna. *4544 866666166111166 111 161 61611661 1166161616 63 1116666 61611616166116616161
11. 86111111, i hvilket 11. Fr. 11. 1666113166 613 111, hvis 1166 66611666 866613, 61 1161166116
111166166666 3611116 2616163166 dtr. — 1166666116666, 13. 1661. 11616161 11616663, saurgos
166116166111. 516-17. 11166166666 11666666161 611. 6161611111111661. 6666116. 8. 518-19.

13. 16611. ’4545 1116. 11. 1116116166 0116 116616 111 1166161666 (1616 1111666616 1111611111
111. 6311336616 1 Atra, 1166116611, 8161, (1161661, 8611163 6311666666 116666166. - 11161., 1.
13. Juni. Udt. 1 116161 81616666611166136661611161. 1. 118.

161666. *tata Mandatum 8661666661 11666661, 66316 Palania, oratoribus 66116 ad 166166
ineundum 6666 oratoribus 663161166166 666166 11616666, 663666 866616, datum. - Vilnoe,
die 13. lunii. 1163161, (161661161661. 66361 Palania 1. aaa-tt.

13. tuna. *4547. 11.Ε6111Χ111.’6Μ611161 111 1611633666 1 11616611161616163 61 1166163
1611666 06666, 1 11611161 siges, 61116616366 6111161636 1161661 1 11. 61116616661161166166.
-81661161116, 13. lunii. (Svensk.) Δ666116666,1166111.1 1161666.611161661611111661.18-81

1616611. *4548 1666666 8666666661116161666116. Elisabeth bl. 6., at han 3166666161-
61666 1166 6616661 1611161161 61 11316616161661661616666 mallem 116636666 61 1166161661 63

 

