468 1111 11111111 111 111111.
1567.

111 1111111111 11 11111 11 1111111111 111 hans Embedes 8111131111. - werne, 1111111
¹Vll. 1111111111. 1111111111. 811113. R. 1. 11-78.

1111111· *5572 11. 1111111111. 1111111111111111111111111. 1., 1111. 11 111111111111 1111-

111111 ikke 111111 111 11 11111131 11311113 1111811113. -8111111111, 1111. (811111.)
1111111. 1 11111. 111111.,11111,2. S. 1111111.

7· Januar. *5573. 11. 111111 11111. 111111111111111 111111, 111111 18133111, som denne 1111
1111111111, vare to Forraedere, som skuldo 11111131 13 111111 111111111111111311. -.-

, 8101111111, 7. 1111111111. 15111111.) 811111.111111.111111.1111,2. 81081111.

1111111. *5511 11. 8111111111. 1111111111 811111111111 1111 11111111, 11 Μ1111111111 111111
1111113311 111 11111111 111111111 1 11 31111 1111111 1111 61111111. - 8111111111, ’1. 111.
(Svensk.) 1111111. 1 11111. 111111. V111,2. S. 111-121111.

8· sannar. *5575¹ 11. 11. 11. 11111111 11111111111111111111111113 Μ. 111111Μ11111, 81111111.
1 111111 81111, 11 11131 111, 11 Η1. 1111111 11111, somer kaldet til 11 1111 8131111111 1
(11111111111111111 111 1111111111 Ρ11111, 1111111 1111111111111311, hvis 111 111111 111113
111111. - 11111113, 1111111 11111. 11111111. 111 1111111111. 81111. 1. 441-43.

12111111· *5576. 1111111. 11111111 Bispen og Professorerne 11 11131 111, 11 111 11 811-
1111111111111111111 Μ. Niels Jespersen 1111111111 11111111 1111181131113 11111111111131

111 111111 11111. - Ν11113, 1111111 12. 113 Ianuarii. 11111111 1111111. 11111. 11111, 111111. og
15· lanuar. Breve S· 211511. 11. 1111131111118111113.1111311 11 1111311111111 13 1111111111 1 0111111

13 1111111 11111, 11 11131111 1111 13 1111131 11311. 13 11111 111 1111111111. - 111111-
slew, d. 15. 11111. 1111. 1111118111111111,11111. 1. 01111181111111111,2 S. 139.

, 11111111, *5518 111111111111 11 1111111 811111111 111 11111111111111 11 1111111-(1111111,
111111 hun 1111111111 11111 1111113 111 11 1111111111. 1181111111 11111113111111111111 K.

111111111113 811113. - 1111111111,111111111111111111111566. (111111.) 111111111111·
spondance 11 811111111111111111111 11. 331-34.

19111111· *55111 11. 1111. 11111111 031 Brun 11113111 113 111 111. 11111 811111, 111 skal
111111 ham 11311813111811113, som 111111 1111111111 111 Plyndring. -— Kiobenlmffn,
¹ thend 19. Ianuarii. 11111111, 11111. 11111111. 2. 11. l. 573.
11111111. 5580. 111111111111111111 11111111. Fr. 11. 111, 11 1111111111111111111111 50
Bjaelker fra (11111111, som hun 11111111 1118131113111111111 111 11 111 11111111131111113
1111111 811111; 1111131 11111111 111 11111311 111 11. 1181111131 1111. - 0111111911, d.
19. 1111111111. (Tydsk.) 1111111111. 111 (1111111111111. 111. 20-21.

111-28111111- *5581 111113 11111111. Η111 1. 111111 1311111 1118111113 13 ,111111111 11111111,
111111 11 111111111111111111 111 1111131. 8111113 11111111 som 1131111113111111, at
11111 bor 11111111111111111111. - (01111111, 11111113. 1111111 1111. 1 111111111111111.
Ι 1.111111111.-111111-1111111. (1111111111. 11, 2. 8. 10.
²0·28·¹³¹¹¹¹³r· *5582 111 1111111111 11111111 1111113 111 11 11111311131 1111113111 131111111111
’ 1111111, 11111 11 11111111111111311 1111111111 13 1111131111111311311111111131111
11113111 13 811111 1 11111111111111111 11111311 111 1111111131118111. - (odem), 111111
11113. 111111.) 1111. 1 111111111111111. 1. 11111111.-111111.-1111111. (1111111111. 11, 2. 8. 11.

2128111111- *55811 111 111111111111111118111 11111 1111131131 111111311113111111111111
1111111, 111111 11 111111 11113111 1111 111 11111111 11111118111113 11111 111111811111113

16111111111111. -(0dense)‚uden1)ag. (Tydsk.) 1111.101111111111111111111111-111111-1111111.
1111111. 112. S. 10-—11.

 

