112 110111 C11111s11111111111 11111011.

————-.—-.—

11334. Ρ11111811111111111111111111. Chr. 111, athan 1111010111111 111 1111115013 03
1111 111 0111111111 Η1. 11110 (1111101101), 1111 har 111111111111111111111111310. - 3111110111,
am auende der 315011 Christi. (Plattydsk.) 811111110111111001111111.1110111013.11.964-65.

11335. 3111111 v. 1111111101 1. 1101311111 11111111 at have 1101111311 111 3111111
8111111111 1 1110111013 1 1110110111 111 1110 110111 11 11003111 311111 30310103 100 1111. 111111 111
1111111013111111111101 1544. - Wurqarde, 11111 111111111111 dages 11111111 11111113111011 111111-
stus daghe. (Plattydsm 8111111111111111011111101. 3110111013. 11. 351.

11336. Bau. og 11111111 1 01111111 1111111111 111 111113110181111111111111111 1 Byen

0111 1101111 101 1111111111111 fra Staevne. - Femte 10111113. 1111111111, 1113. 111 111111 111.
8111111147.

11337. 11. 111111. 111. 10111011 311111 81111101 med 00311 6111111 1 3111111311. -
Nyboriq. 11111.11100111111113.4.11111235. .

11338. 1101111111 3111111111οε 110111, 11101111] 11111 Ρ11111Β1131111110111111111111
1011311113 811111111111111111 1111 111 11011111 1 1101101111 10111111 som 111101111 1111 111113

Undervisning, 1111111 1111111 1 1010111111 11011111 ikke 1301111111 1111111011. 11111111,11111111111
1111111111 11111. S. 451.

11339. 1181111.1113181111111311111101111111545. (1111111111.) 110111111311111-
111111111 1111 11101111110111111111. 1871, S. ’111-92.

11340. (1111111111 111111 t.) 8111011111 1113111111) 01111111311111 11011 1111111 1 1011311131
AErinde. 811111111111111011111111. 1110111013. 11. 9115-66.

11341. (lmus 8111111111, 1111111111111. 11111111111111, 101111111111031011013111 1 111113-
11151113 111 111111 Vaad 03 1101111 1011111 1111 01111110 1101111111, som 111111311111111101111
desangaaende. 3101111. 1 111011, 1111311111113 S. 4-5.

11342. 1111111111 11111111, 80111101. i Fyns 81111, 1111111111 11011310 0111 Μ. 111111
Palladius* Ansaettelse som Praedikant 0311111111111 1 Μ111110 1111111111111 01111111111111

110111110311111111, 11101111 han 111111111003111 0111 113111111111110111111110111311. samu.
1. 111111 11111. 03 11011031. 11. 140—4‘2.

11343. 1111111 1111111111 31111011111111111111110, 11 1111 1111111 1111111, at 111.
111111 0111100 1111 givet en Gaard 1 Μ111111 111 Μ1111311111. 1111.11)101111113.11.146.

11344. 8111111110 111111111111111111111101, 111Ν1111 8111111111 1111 Μ111113111110·
11111 113111 1011 11111 310111111 Α1110111111)1111 pan to 61111111 1 1111101, 03 at 103111 11
1011111110 11111111011 111111 (1111111111 03 111111. 11111.111101111113.11.146.

11345. 11111111111111131 110111, 11111111311111. skal nyde 10 80111111 1 0111 1101103,
111 8113111 111111011111111 101 11011310. 1111.111111111113.11.146.

11346. Η111111111111131 110111 paa to Gaarde 1111101,Μ11111311111. 1111100111. 11111
11111111 11113. 11. 146.

11341. Τ11111311111111, at Nederst Μ1111 1111 113311 01111131 11101111111111111110311
ΚΙ. 11111. 1 11111111 11113. v1. 145.

11348. 30111301111 0111 1111111111 1111103111111101101 8111113 03 11011110, 10111
1111111111 11111· 111 111 1131110111 1111111; Chr. 111., 11111. Hans 03 Hert. 1111011, 111111 011111-

ninger om {ndtaegterne og Gjaelden. (Plattydsk.1 Grundtvig. 111111111111111111111111111111111111111.
1871, S. 64-76.

 

