Kere 3555511111 5555115511. 365

1562.
’4322. 11511. Μ151155 551155411151, 51 555 51 15511551 5151555 5154 014555- 4· rebr.
5551515515111554 551 51 511115 0145555151151 8555555511 1155 3551 ved 51 15415115 55

3115515151 4511 115451 45151551 513555 155 1155151111. - 11115, 4. Februarii. (Tydei.)
81511155115511515. 11, 3. 1111. 262-114.

’4323 3511. 51 Rern i 1151115 111511311111111. 55 351515151 5514515 115451· erere.
1554115151 1558 1554 Ii. 1151. 111. 51 3555511551. 35511115155 51 455555 8151 11511155. -
11111511, 11. 4. Februarii. (Tydsk.} 85511155115511515. 1131111264-71.

·’4324. 11. Fe. 11. 155155131515154 31. 151155111158355145111551515555 irned 5 1551.
3311511151 1115111, 111. 111. - 5. Febr. 1141. 1 1115155555, 1515555151415 11151. 8. 34.

’4325 351111151515111111151111 1145151551 51515155 351555 1 11151155 3115551 111 9. 1511.

5113511545151545155145.-11151111151551535151111511114511 51515155,55111.5.5115511
1. rnre 11555154 35115115. 8551551111 111. 252- 53.

’4328 11111141151151 518555555 1315545111.31.115135111151541155151111-1551111
11111511, 10. Febr. 11145111 1155111. 4511555 3555511. 383- 84Ι

’4321 11. 111. 11. 11351151 51. 3551555 551115, 5555555151 154 3511515115151, 455 111511,
1555551111151 81511554, sem 111151 1541555155411 dam 51 151455 0115 13545115). -
1115551511111551151111, 155554 111. 451 Februarii. 1111155151. 5115151111335-36.

’4328 11. Fr. 11. 111511115131111115111515 35511511, 51555 bar 1111541 31515 Lange 11. rebe.
1111541555 11155555 35514 1155455151, 51511515115 5151 5151415111 5551 (1551455, 5551555

1111551511 55545 455 8115135515, 5151151 455 51551 1 Pani. - 11. Febr. 11111555, 11111.
1111511551 11511 351154 8. 86.

’4323 1115515115 1115511111, 3515115 51 1111555 351515151 111 8155451551 1111554, 11151551
11511 1155 515. 15151 551, 51 3145111 35111, 45551 85545554 1 31151554, 51 15541 111-

5515 451115, 51 51 11. 51 1155155111 1515555551111 111 515115 liband 151114 1111555155. -
1111155111 11111511.) 8511111554151111515. N. 3. 11111. 218-98.

’4333 11. Fr. 11. 55515151 455 1151515551 51 45 15541515 81151151 5154151155 siri· 12. rebr.
1111551111. ’43131 5155445151, 51555 1151 53151513111115555115545 55 51 1111151151 em
8.-1155 111555511111111, 11. 12. Febr. 11111511 1141 p 55511 1 11111515 1151. 1. 464.

’.4331 11 Fre. 11. 551151 51 5115451 111 81555 31145 511 111115155145 11515455 13. rerer.
Byr 31551 8515 1 351515 1151154, 1151 51 1554111455 115151 154511151 51 15115 1155551545
111115. - Kbpenliamn, 11. 13. 1551111111. 81. 01515. ι 3511515115, 311115515111115, 11. 23-24.

’4332 11311. 11. 5515151 45 35115145111511515115151 51 1155115545 55 851 1554 le. rehr.
1155155 1555 1 31545 5135155515555, 451 151 515155 5551151111 455 1515111151151, 5155
sere de 55145 1154515551 511 151 51 demere i, 45 45 551111111555145155153135151151-
badenebeborq, ihend xix. Februarii. 11514551, 1155155. 11511. 11151, 41151. 111 31515 S. 183.

’4333 15115511 111151 115451 3555 81511151 1. 115545511511 551 51 11515 5515 55- 2415111.
5151115111 med 11555 151155151551515 51515155111151 1554015155115511551555 115155. ·—

1111111, s· 51111115 1151. 115451 8111155555, 1154515511. 41)-51,

’4334 11. ra. 11. 11515151 3551151 Fuebs 51551115 511 111 1151111111 51 51511515 28. rebe.
151115115155 51 4531515, 3511511455 551 5551151- -11111511111151111 4. 23. 35511151
1111151.) 1511555115, 1145. ο. 45 4115515 311551111515 3151. 8. 218.

’4335 3511151511 1.31111.11,1·’14.11.85555551111,11151111511155451 1111551, 51 rebe.
515 111551115545111. 5155555115 513511.Μ515115’35141151511558151151851155551111,

1155445151, 51 ban 5111451551 8111151 11115 111145 11. 51 Pelen. - Februar. 1114511
11411 81511155, Vere. 1111. Geeebiebtequellen S. 88.

 

