264 11000 0110111111 0111 ’100001

81110, 0111001101οο 00011300 03 0011111100 skal 1100110 10111001010 0101001100, 03 01
de 11011001010 Byer 110110 have 1010100 Ηο01101111111011 1 11100 11101, 1011111 1100300 01101
11001 Son 1101011101 111 Νο130. - 11100109109001101, onnsd. 0. 0. 100011111011111. mplomatar.
11011031. 801-22.

3089 00011111111111110 00101010030301111101101 11100111111111110111 111 01 111-
10100111101100810001.1100111011103 1011101101111110301, 101(Ιί 1100 1101 1011011100 000111
1 111110, 1001 han 1101 i Forlening 01 1101111101101101110, 03 1110110110030 0111031 den 000111
i Plogstr0p‚ som 0001101101 og 1100 have 110111101100103 03 100100 0110310110, - 111110,
odensd. n. s. Pyntzdagh. 011111011111. 8001114111-11. 11101100,[1111311011.01011011110110118.1611
1110101100 Datum).

’3000 11101 1111 8001100001 i 1101110301 [1001101101 111 1101 11011111. 100116 11111.
001113 Husleje 1111001111111101111100, 03. 1 11111110. - 1101001000, 1101εο01100. 1111. 11011-
1101010. 110110110101001011.ΙΙΙ,1111. 831. , -

*3091 11. 000. ΙΙΙ. 1010101111110101301001110 01811111111110100 01 0101111130 111-
11030 1100 8111101100 11010 0111101 1111110, 1001 disse 11010110 1 (101101030000110101, 101 1Ιο
1111Ιο 01001030 11111001 Part af Tienden. — Kiopnekasven‚ 11100 1111110310οἰ1. 0101101113.
111. V. 122—23.

811110· *3092 K. 01110111. 1111111101 111. Μ. 111103 03 0011110101 1110100101, 01 1100 111
11010100 111 1100111013 d. 23. August, og 00010001 11010 010 0110011000 113 (101003011111-
113010, 1101100 vil 1011100010 med dem. — 0000101000, 1100 8. 10011. 1111111.) scidam,
0101000101. 1100111013. ΙΙ, 1023-24.

*3099 11. 0110. ΙΙΙ. 0000110001 101001 11001100, 11101010. 1 1100111013, 001, 01

han„ 1111001 1100 00 1111 1003 1101 1111011113, 111 11001100 111 1100111013 d. 24. August, 03
11010101 ham med 11101111 01 Thomas 8101110 01110110 1011101011031011 110000 110Ιο110103 03
110110 001103100.-60111101111090110, 1100111110011. 1111111111 10110101, 0111101101. 1100111013.
11. 108-109

*3091 11. Gna. 111. 11010101111011101 8101011011ιο0. 1 8000010013, 01 111011ρο 11011-
010011 1011101 11001100 01011 101001000110100 1 1010110103 01 11003001 1010110000110 1101100111

111110011101311111.111.“30931.-601111011111900, den 1111. 10011. 11111111 801101101111110010111.
ΜΒΜΜΒ.’3ΙοοῑιέΙ 11. (100. ΙΙΙ. 0101100001100110000000 1111111011010110031000310101101100

¹ 101 11010 0110101110 10111011 1111. 14691 111011 0031011110010011101101110110301, 1101 11101110

00001100110100 1 110101 Ν101103. - 1100011010, 11100 1010011. 1100110103. 4, 111. 1111110100
01011000101 111 1111101101, 11110101· 03 001110 1001010011 1 111011101011 et 11101 01 1010010 003, 10111111. 8. 124.

*3090 ΙΙ. (1110. 111. 11010101 11001101 Ι 1100111013 111011010101111111110101101011001100
111 hans 1101 03 11001 1 1101 11010 11101011οἰ03 01 00010030 lignende 1110301 111 110111 10011

1010001103 01 1101011010οε 03 001110100011 8101100. -001111111109111, den 11. 10011. 11111111
801110110011110010101. 1100111013. 11711.
1010011. *3091 11. 0110. 111. 11010101 11001101 1 1100111013 01 0011011030 00 10011103 01 1110111

1101011001 11110301· 1100 Ηο01 1001101000 1010030111010, som var 1011111111οῑ 01 11010, 0100
30001 1011110101000 10011 8111101; 11001Μο1101100 01 1111100111 1 11011001 01101 80101100. -
6001011090, 10. 101111. 111111.) 1111110,01111010110111111.11110.

11. 111011- 3098. 11. (1110. 111. 11010101110011011 1100111013 1100 ny 01 0011011030 00 11110103
0110111100101 Hal-der, i 11111100 1101· 0110101Ιο 01 Ι1οΙ11010001011Ιο1.-000111111111910, 1100
111. lunii. (Tydsk.) 80111011001010010101. 110001101311. 713-11 '

 

