402 Κ666 66646646 666 46666.

1561 46444666 6116 46466 ogPJaJser, 464 er 446161466.-1161441666666648466641616166, 4.

13. Mai. 1464646 1166. 4. 58'- 60.

13- 14141· ’.4774 66444 1446666 44644461, 464616416646466 ι 6641664666 64 6646 44646 84646666
164466 66 466166 4664 6464 1166646466-1161466666 [ον 8466641646146613 Μ64. 1164616
11 1..60-64

1311141 ²8 ’.4776 0664 asomum 1466666, 646466 06466666666 66 10 66446 Maend 64464
6666464466 6164184466666, 46666146 6646146666664 666 161664, 646 844461666, 166666464664
66 146464 66664 Jden 6664614464 484466-44466441- 4666660466 4 1446646664, 6166664·-

466466 6466466 66444 6666446646664466 646 66444. 4161664644 8166466666 og siguszson‚ Lov-
66641. 4641616641. 82-84.

1414111’47.77 Κ. 66. 11. 4646164 4460114066 64 6460664646 Κ6666, 0644646464. p

, 116164664646, som skal sende 20116646, 464466664646 Κ166, 44106646116664466, 666
646666 06646, 466 4646666- 1164661616466, 111411. MaJi. 4166146, 44161 11441661ι.211.4.396

14 14141 4778. Κ. 16. 11. 46 aler HJ. 4466666 0644666446466 64 give Lauritz 16666666, 6664
skal 44666 4410664611 6664466, 64 844. 11666164 444 4664 66 46661614 66 10006164· 441
[4410044044.- J Fredemksbory) 14. Maj. 14644646, 11464 1141466144. 2. 14 Ι. 896.

1511111- 4779 Κ. 66. 11. 4646164 66661141046144 64 66646 8614 66 6464 444 4644 66644646
04666644106646116664466.164464644466,4.15.Μ644.1164644 41644464,41641641661ι.
6114897.

16 11111 ’.4780 Κ 1611. 44146664664664 664464 66 Pro 6666464 664 [1646646446464 644 644614

6464, 64 464 640.11464664646644664464 60466646 446666444 46 4446664466 411 Κ666666464644464.
—Wort 6616414414 1446666616411011 16. dag Μ64.6644664,1141466641646.11464,44464.66646668.200

17 11141 ’4781 Κ. Fa. 11. 4416444664 6644666164 664 66 646664 66666 6661644646 8164,

61666 Clausen, som 0664611 6664466 666464 64 4666446 141 1166646644 866446- &ser-mn,
14. Maji. 666666, 646. 46646444. 6. 6 4. 664- 66.

1711111· ’4782 Κ 16. 14. 4446444664 046464 Daniel Rantzow 66141666461666 64 66 6464464
vejviser, 64116446, 116646 66 2000 06164.·- 0666666, 4. 17. Maji. JTstkJ 6641664146
14146644. 211. 1. 398

18 4141478811. 116444 11141. 4646164 84644. p 11614664 64 1646 4464666 66444466 6616464·
4646 614 644 664666 66 6146 4666646664164 444 6666, 666 66644466 6446464, 6411. 64 06664644
66464 64 4616646 846466- 018 Μ64. 48666644 6646444464, 4416644161644466446444 1416646. 1

18 11141 ’.4784 Κ6444661 0646644461 4416444664 66466 46 66160164 646 016666 444 6464646666
6406646644, 6664466 6446404664, 664 Ρ446666 6404664666 666646461466 164446464664 med
Danmark‚ 6444Κ. 64 0664446446 460466 06446466 lige 6664464 664641664666, 66 om 114646-
446446466 4866464, 6646 4664446 4666464, 4611461466 16446 164466444666466.- De Bav-
doncourt, ee 18. de may. (FranskJ 1116466, 466 666 44464 46 eard. 46 4146666116 vll. 644- 43.

19 11141 ’4784 664664666 16466466, 464 46 06666, 66 046464 0444464. 14464666 66464616
64 664 6666446666 44464611 4166466061 61 666464 4 Τ466466 464644664 4644666646 664 For-
nJelse 64 1464466 441 64 664 pua 0466464 ι 8414644466, som 04414 64 6644464646 46646 6464644464

846466116661446666 6616666664446686166616644, d 19. Μ64. JTstkJ 41661664, nist
10146646261. &19.—J 401.

21 11141 ’.4786 Κ. 11611. 4466166664 116. ι. 046666 66 066461 6664466 at 46446 66644
6664646646 66 446446 0166466664 46 8446664646, 6664 66646466 646- -14464646164666, 4.
21. 44661. 446461.) Romam. 646. 46466444. 6 6. 4164-164.

 

