1547. .
15. Dochi.

11. 00001.

27. 110001.

28. 110001.

102 1010010000 001 'inimi

*1807. 0101111111. (1110000110οΝ1 t. 00011111) 01110101 01 11110 00100 010 010001
111. Μο3000 011100011010 t. 8100000101 0100001110 101 001 10110110, 000 03 00010 0010
31101 111 00130100000110011 1. 0011011012200100111111000101. - 1110001100Μο, 10100. 0.
e. 1. Lucio dagh. 1101001010. 0000011001ίο 11101. ΙΙ, 1. 0101001, S. 234.

’1808 11. Cim. 111. 0011101101 0111. 001. 1.’0 0101, 0101100000010010110001101
310100 111 01 11000000οω00, 000 31101 1111130 001010 000100001001 010 0010 0000110100
03 1010301 0010 (1000, 10101 001 100 0000100100 11010 1011130. - Vor qaard 101· 1101111110,
10110010. n. 0. 10010 1113. dag. 0110101,11101111100111. 1490-91.

*1809. 11. Cim. 111. 1010010101130 1101100 Pani i 00100 1101100 1000 000111. —
Kolinq, iiidie dag 1110110. 1101. 1 0011010 1103. 4. 0. 11. 3311.

’1810 K. 011οζ 111. 0001001101 11010013 8101 03 100 11110030 0011010000 101
1000111, 0101101 000 001113 0101 0101030 150 Μ1. 1 010 113111 0110001. - 1101109001,
110100 100110 003, 1101. 101011000010. 11. 033.

729. veie! 810100000, 0101. 1. 000000 0100 11101. 11, 2. S. 38-43,

’1811 101111 ans’ Fortegnelse over Breve 03 1010113101001, 000111. 001. 111.
1101 givet 1111101101). 1013000011, Uda. 0. 00 000010 013001111010 11101. S. 210-11.

*1812 010001 C. Ρο1100011, Prior i 8110000111. 1 000000, 03 0100130 111111100-
000000 0010)0 00 00010 0101 101 1100000001 1 000000 111 1101001100001101 101 16011.
danske 1111110 1 001113 1101110. 10001 8101000011,0101.1. 000000 0100 11101. 110. 8. 46.

*1810 Η1. 0101100 0011101110 10)·00101 111 S. 110000 111. 1 000000 000 00 00010,

, 8011110118111110111111110300111. 1101. 1 10001 8110000οη, 0101. t. 000000 0100 11101. 11, 2. S. 46.

’1811 01100101 0111110 11030103 000 00310 00301, 0001 000 1101 1)·001101 ii. 01
1100100111. (1101111101.) 11100110. 1101-8001011188 S. 258-59.

’1810 01000100 8010100110, 00000010, loanni Artopaeo (οε 01010110) 11011010 00-
genti de amicis ejus 100000131 scribit, narrat, Casparum Cimbrum 110110 01010) pro-
1001001 0000, petit, 01100000010111001010 0010101. —- Lunoeburqi. 001010,11101.11100011.

,0. n. 11. 001-000.

’1818 00010101101110011000, 01000 1010, 010100001030001301001, 11100101
S. Albani 111110. 11011110001810100000, 0101. 1. 000000 0110011101. 11, 2. 816.

*1811 11110110 0000000101110011000, at 1101101100οε00 1 8101001011 m. fl. 110-
0000, 0100300000011030 00100 1010101031111 8101001011 11001030010. sami. t. 110111 11111,

’ 03101). 111. 200.

11818. 010101000101100 11000, 01 Μο110301 111001010 1111110310101 001 10101 001

111 0111, 1101011, 1010, 1103 0. s. v. 110 013000 8101 03111 1101011001. 11111. 11111010
¹¹³3· W· 111116819. 1111101103 101 1010001101 01110001), 111011 00110100, 01 Ρ1010011010100, 0110-

01030000 000 1010011130 001101οι100 01 1541 03 000 0110101010 00000 01 1044, 0010 010301

1010110111300101100111101, 0101110011οι0 8100113, 010111100100 8011. (Latini 1101. 1110101110.
1 00000110, 00000. 0. 1103101003 1010111000 0. 1110100 V. 501-001.

0. 1547.

’1820 1100030103 111 1100300 110 Mus 011100, Bisp 1101000, 010 01001000

1101100 0010001011010301 111 01 11010100 1111003000 03 8000113000. 01001.) 111 1111011101.
Sami. 11. 131-33. 1001010000 1101111 0. 1540; 0100 1111. 846010011011011110. 1541.

 

